question,answer,contexts,ground_truth,role_type,faithfulness,context_precision,answer_relevancy,context_recall
试用期内公司可以不签劳动合同吗？,"· 不可以。根据法律规定，用人单位自用工之日起即与劳动者建立劳动关系，试用期属于劳动关系的一部分，公司必须在用工之日起一个月内与劳动者签订书面劳动合同。

· 依据：知识库中明确，用人单位自用工之日起超过一个月不满一年未与劳动者订立书面劳动合同的，劳动者可依法主张双倍工资。试用期不签合同，同样适用这一规定。

· 维权建议：如果公司拒绝在试用期内签订合同，建议你首先与公司协商，要求补签。如果协商不成，可以向当地劳动监察大队投诉，或申请劳动仲裁，主张未签合同期间的双倍工资差额。注意保留以下证据：工资发放记录、考勤记录、工作沟通记录、工牌或工作群聊天记录等，用于证明实际用工事实。

· 风险提示：实践中，有些公司会利用试用期拖延签合同，但法律并不允许。如果你入职超过一个月仍未签合同，可以依法维权。另外，注意不要主动拒绝签订合同，否则可能影响双倍工资的主张。","['标题：法律卡片：劳动者/书面/劳动合同[1]\n内容：标题：法律卡片：劳动者/书面/劳动合同[1]\n定义：标题：法律卡片：书面/劳动合同/劳动者[104]\n定义：用人单位自用工之日起超过一个月不满一年未与劳动者订立书面劳动合同的，劳动者可依法主张双倍工资。但在具体案件中，仍需结合实际入职时间、是否存在拒签情形和证据完整度综合判断。\n要点：1.劳动者：标题：法律卡片：书面/劳动合同/劳动者[104]2.书面：定义：用人单位自用工之日起超过一个月不满一年未与劳动者订立书面劳动合同的，劳动者可依法主张双倍工资。但在具体案件中，仍需结合实际入职时间、是否存在拒签情形和证据完整度综合判断。3.劳动合同：要点：1.书面：用人单位自用工之日起超过一个月不满一年未与劳动者订立书面劳动合同的，劳动者可依法主张双倍工资。但在具体案件中，仍需结合实际入职时间、是否存在拒签情形和证据完整度综合判断。\n应用：围绕劳动者、书面、劳动合同进行问答、检索与解释。适合法律分析、案件理解、条文适用和风险提示场景。\n来源：pdf://lawyer/lawyercompendium.pdf；原始来源：劳动合同法要点\n来源：pdf://E:/Roleplayingsystem/Roleplayingsystem/generated/domainpdfs/lawyercompendium.pdf；原始来源：pdf://lawyer/lawyercompendium.pdf；原始来源：劳动合同法要点#chunk1'
 '标题：法律卡片：劳动者/书面/劳动合同[2]\n内容：标题：法律卡片：劳动者/书面/劳动合同[2]\n定义：标题：法律卡片：书面/劳动合同/劳动者[109]\n定义：用人单位自用工之日起超过一个月不满一年未与劳动者订立书面劳动合同的，劳动者可依法主张双倍工资。但在具体案件中，仍需结合实际入职时间、是否存在拒签情形和证据完整度综合判断。\n要点：1.劳动者：标题：法律卡片：书面/劳动合同/劳动者[109]2.书面：定义：用人单位自用工之日起超过一个月不满一年未与劳动者订立书面劳动合同的，劳动者可依法主张双倍工资。但在具体案件中，仍需结合实际入职时间、是否存在拒签情形和证据完整度综合判断。3.劳动合同：要点：1.书面：用人单位自用工之日起超过一个月不满一年未与劳动者订立书面劳动合同的，劳动者可依法主张双倍工资。但在具体案件中，仍需结合实际入职时间、是否存在拒签情形和证据完整度综合判断。\n应用：围绕劳动者、书面、劳动合同进行问答、检索与解释。适合法律分析、案件理解、条文适用和风险提示场景。\n来源：pdf://lawyer/lawyercompendium.pdf；原始来源：劳动合同法要点\n来源：pdf://E:/Roleplayingsystem/Roleplayingsystem/generated/domainpdfs/lawyercompendium.pdf；原始来源：pdf://lawyer/lawyercompendium.pdf；原始来源：劳动合同法要点#chunk1'
 '标题：法律卡片：劳动者/书面/劳动合同[3]\n内容：标题：法律卡片：劳动者/书面/劳动合同[3]\n定义：标题：法律卡片：书面/劳动合同/劳动者[114]\n定义：用人单位自用工之日起超过一个月不满一年未与劳动者订立书面劳动合同的，劳动者可依法主张双倍工资。但在具体案件中，仍需结合实际入职时间、是否存在拒签情形和证据完整度综合判断。\n要点：1.劳动者：标题：法律卡片：书面/劳动合同/劳动者[114]2.书面：定义：用人单位自用工之日起超过一个月不满一年未与劳动者订立书面劳动合同的，劳动者可依法主张双倍工资。但在具体案件中，仍需结合实际入职时间、是否存在拒签情形和证据完整度综合判断。3.劳动合同：要点：1.书面：用人单位自用工之日起超过一个月不满一年未与劳动者订立书面劳动合同的，劳动者可依法主张双倍工资。但在具体案件中，仍需结合实际入职时间、是否存在拒签情形和证据完整度综合判断。\n应用：围绕劳动者、书面、劳动合同进行问答、检索与解释。适合法律分析、案件理解、条文适用和风险提示场景。\n来源：pdf://lawyer/lawyercompendium.pdf；原始来源：劳动合同法要点\n来源：pdf://E:/Roleplayingsystem/Roleplayingsystem/generated/domainpdfs/lawyercompendium.pdf；原始来源：pdf://lawyer/lawyercompendium.pdf；原始来源：劳动合同法要点#chunk1']",不可以。用人单位自用工之日起就应当建立劳动关系，并及时签订书面劳动合同。未按规定签订，可能承担支付双倍工资等法律责任。,lawyer,,0.9999999999666667,0.8755884006380187,0.3333333333333333
别人借钱不还，手里只有转账记录和聊天记录，能起诉吗？,"· 可以起诉。
· 转账记录能证明你向对方交付了款项，聊天记录若能清晰体现借款合意（如对方承认借款、承诺还款），这两项证据结合起来，可以形成初步的借贷事实链条，法院通常会受理。
· 依据知识库：聊天记录等电子证据应尽量保留原始载体、时间信息和对话上下文，提交时保证内容完整、来源清晰、未被篡改，以提高证据采信可能性。
· 维权建议：第一步，整理好转账记录截图或银行流水、完整的聊天记录截图或录屏，并保留好原始手机或电脑设备。第二步，先尝试与对方协商，明确还款期限和方式。第三步，协商不成，可向对方住所地或合同履行地的人民法院提起诉讼，诉讼请求包括返还本金及可能的利息。
· 风险提示：若聊天记录中缺少明确的借款意思表示（例如仅说有“转给你”但未注明用途），或转账记录无法与聊天记录对应，对方可能抗辩为其他款项往来（如赠与、还款、代付等），增加败诉风险。建议尽早咨询律师，对证据进行专业梳理。","['标题：法律卡片：电子/证据/聊天记录[181]\n内容：标题：法律卡片：电子/证据/聊天记录[181]\n定义：标题：法律卡片：电子/证据/聊天记录[1000]\n定义：聊天记录、电子邮件、审批截图、线上考勤和电子签约记录等电子证据，应尽量保留原始载体、时间信息和对话上下文。提交时应保证内容完整、来源清晰、未被篡改，以提高证据采信可能性。\n要点：1.电子：标题：法律卡片：电子/证据/聊天记录[1000]2.证据：定义：聊天记录、电子邮件、审批截图、线上考勤和电子签约记录等电子证据，应尽量保留原始载体、时间信息和对话上下文。提交时应保证内容完整、来源清晰、未被篡改，以提高证据采信可能性。3.聊天记录：要点：1.电子：聊天记录、电子邮件、审批截图、线上考勤和电子签约记录等电子证据，应尽量保留原始载体、时间信息和对话上下文。提交时应保证内容完整、来源清晰、未被篡改，以提高证据采信可能性。\n应用：围绕电子、证据、聊天记录进行问答、检索与解释。适合法律分析、案件理解、条文适用和风险提示场景。\n来源：pdf://lawyer/lawyercompendium.pdf；原始来源：电子证据规则整理\n来源：pdf://E:/Roleplayingsystem/Roleplayingsystem/generated/domainpdfs/lawyercompendium.pdf；原始来源：pdf://lawyer/lawyercompendium.pdf；原始来源：电子证据规则整理#chunk1'
 '标题：法律卡片：电子/证据/聊天记录[200]\n内容：标题：法律卡片：电子/证据/聊天记录[200]\n定义：标题：法律卡片：电子/证据/聊天记录[100]\n定义：聊天记录、电子邮件、审批截图、线上考勤和电子签约记录等电子证据，应尽量保留原始载体、时间信息和对话上下文。提交时应保证内容完整、来源清晰、未被篡改，以提高证据采信可能性。\n要点：1.电子：标题：法律卡片：电子/证据/聊天记录[100]2.证据：定义：聊天记录、电子邮件、审批截图、线上考勤和电子签约记录等电子证据，应尽量保留原始载体、时间信息和对话上下文。提交时应保证内容完整、来源清晰、未被篡改，以提高证据采信可能性。3.聊天记录：要点：1.电子：聊天记录、电子邮件、审批截图、线上考勤和电子签约记录等电子证据，应尽量保留原始载体、时间信息和对话上下文。提交时应保证内容完整、来源清晰、未被篡改，以提高证据采信可能性。\n应用：围绕电子、证据、聊天记录进行问答、检索与解释。适合法律分析、案件理解、条文适用和风险提示场景。\n来源：pdf://lawyer/lawyercompendium.pdf；原始来源：电子证据规则整理\n来源：pdf://E:/Roleplayingsystem/Roleplayingsystem/generated/domainpdfs/lawyercompendium.pdf；原始来源：pdf://lawyer/lawyercompendium.pdf；原始来源：电子证据规则整理#chunk1'
 '标题：法律卡片：电子/证据/聊天记录[201]\n内容：标题：法律卡片：电子/证据/聊天记录[201]\n定义：标题：法律卡片：电子/证据/聊天记录[105]\n定义：聊天记录、电子邮件、审批截图、线上考勤和电子签约记录等电子证据，应尽量保留原始载体、时间信息和对话上下文。提交时应保证内容完整、来源清晰、未被篡改，以提高证据采信可能性。\n要点：1.电子：标题：法律卡片：电子/证据/聊天记录[105]2.证据：定义：聊天记录、电子邮件、审批截图、线上考勤和电子签约记录等电子证据，应尽量保留原始载体、时间信息和对话上下文。提交时应保证内容完整、来源清晰、未被篡改，以提高证据采信可能性。3.聊天记录：要点：1.电子：聊天记录、电子邮件、审批截图、线上考勤和电子签约记录等电子证据，应尽量保留原始载体、时间信息和对话上下文。提交时应保证内容完整、来源清晰、未被篡改，以提高证据采信可能性。\n应用：围绕电子、证据、聊天记录进行问答、检索与解释。适合法律分析、案件理解、条文适用和风险提示场景。\n来源：pdf://lawyer/lawyercompendium.pdf；原始来源：电子证据规则整理\n来源：pdf://E:/Roleplayingsystem/Roleplayingsystem/generated/domainpdfs/lawyercompendium.pdf；原始来源：pdf://lawyer/lawyercompendium.pdf；原始来源：电子证据规则整理#chunk1']",可以起诉。转账记录和聊天记录可以作为借贷关系证据，但最好补充借款用途、催收记录、身份信息等材料，提高胜诉和执行成功率。,lawyer,0.375,0.9999999999666667,0.8949763207467355,0.0
租房提前退租，押金一定拿不回来吗？,"· 当前知识库未检索到针对租房押金问题的直接依据。
· 不过，根据一般法律原则，提前退租不必然导致押金全失，关键取决于合同约定和实际损失。
· 如果租赁合同中明确约定提前退租不退押金，且该条款不违反法律强制性规定，法院或仲裁机构通常会尊重合同约定。
· 但如果房东并未因提前退租产生实际损失（例如房屋很快找到新租客），您仍可主张要求退还扣除合理费用后的押金。
· 建议您先查看租赁合同中对“提前解约”和“押金退还”的具体条款。
· 同时注意收集以下证据：
· 租赁合同原件或复印件。
· 您提前退租的通知记录（如微信、短信、邮件或书面函件）。
· 房东实际损失证明（如该房屋在您搬离后空缺天数、维修费用凭证等）。
· 押金支付凭证（转账记录、收据等）。
· 维权渠道建议：
· 首先与房东协商，要求其出具提前解约造成的实际损失清单，并据此协商押金退还金额。
· 协商不成可向房屋所在地街道办事处或人民调解委员会申请调解。
· 若调解无效，可向法院提起民事诉讼（诉讼标的额较小可适用小额诉讼程序）。
· 风险提示：
· 如果合同明确约定“提前退租押金不退”且您已签字，法院支持房东的可能性较高。
· 即使无此类条款，您仍需承担因提前解约给房东造成的合理损失（如中介费、空置期租金等），但押金超出损失部分应退还。
· 建议在正式解约前咨询当地专业律师，避免因操作不当导致损失扩大。","['标题：法律卡片：劳动者/书面/劳动合同[1]\n内容：标题：法律卡片：劳动者/书面/劳动合同[1]\n定义：标题：法律卡片：书面/劳动合同/劳动者[104]\n定义：用人单位自用工之日起超过一个月不满一年未与劳动者订立书面劳动合同的，劳动者可依法主张双倍工资。但在具体案件中，仍需结合实际入职时间、是否存在拒签情形和证据完整度综合判断。\n要点：1.劳动者：标题：法律卡片：书面/劳动合同/劳动者[104]2.书面：定义：用人单位自用工之日起超过一个月不满一年未与劳动者订立书面劳动合同的，劳动者可依法主张双倍工资。但在具体案件中，仍需结合实际入职时间、是否存在拒签情形和证据完整度综合判断。3.劳动合同：要点：1.书面：用人单位自用工之日起超过一个月不满一年未与劳动者订立书面劳动合同的，劳动者可依法主张双倍工资。但在具体案件中，仍需结合实际入职时间、是否存在拒签情形和证据完整度综合判断。\n应用：围绕劳动者、书面、劳动合同进行问答、检索与解释。适合法律分析、案件理解、条文适用和风险提示场景。\n来源：pdf://lawyer/lawyercompendium.pdf；原始来源：劳动合同法要点\n来源：pdf://E:/Roleplayingsystem/Roleplayingsystem/generated/domainpdfs/lawyercompendium.pdf；原始来源：pdf://lawyer/lawyercompendium.pdf；原始来源：劳动合同法要点#chunk1'
 '标题：法律卡片：劳动者/书面/劳动合同[2]\n内容：标题：法律卡片：劳动者/书面/劳动合同[2]\n定义：标题：法律卡片：书面/劳动合同/劳动者[109]\n定义：用人单位自用工之日起超过一个月不满一年未与劳动者订立书面劳动合同的，劳动者可依法主张双倍工资。但在具体案件中，仍需结合实际入职时间、是否存在拒签情形和证据完整度综合判断。\n要点：1.劳动者：标题：法律卡片：书面/劳动合同/劳动者[109]2.书面：定义：用人单位自用工之日起超过一个月不满一年未与劳动者订立书面劳动合同的，劳动者可依法主张双倍工资。但在具体案件中，仍需结合实际入职时间、是否存在拒签情形和证据完整度综合判断。3.劳动合同：要点：1.书面：用人单位自用工之日起超过一个月不满一年未与劳动者订立书面劳动合同的，劳动者可依法主张双倍工资。但在具体案件中，仍需结合实际入职时间、是否存在拒签情形和证据完整度综合判断。\n应用：围绕劳动者、书面、劳动合同进行问答、检索与解释。适合法律分析、案件理解、条文适用和风险提示场景。\n来源：pdf://lawyer/lawyercompendium.pdf；原始来源：劳动合同法要点\n来源：pdf://E:/Roleplayingsystem/Roleplayingsystem/generated/domainpdfs/lawyercompendium.pdf；原始来源：pdf://lawyer/lawyercompendium.pdf；原始来源：劳动合同法要点#chunk1'
 '标题：法律卡片：劳动者/书面/劳动合同[3]\n内容：标题：法律卡片：劳动者/书面/劳动合同[3]\n定义：标题：法律卡片：书面/劳动合同/劳动者[114]\n定义：用人单位自用工之日起超过一个月不满一年未与劳动者订立书面劳动合同的，劳动者可依法主张双倍工资。但在具体案件中，仍需结合实际入职时间、是否存在拒签情形和证据完整度综合判断。\n要点：1.劳动者：标题：法律卡片：书面/劳动合同/劳动者[114]2.书面：定义：用人单位自用工之日起超过一个月不满一年未与劳动者订立书面劳动合同的，劳动者可依法主张双倍工资。但在具体案件中，仍需结合实际入职时间、是否存在拒签情形和证据完整度综合判断。3.劳动合同：要点：1.书面：用人单位自用工之日起超过一个月不满一年未与劳动者订立书面劳动合同的，劳动者可依法主张双倍工资。但在具体案件中，仍需结合实际入职时间、是否存在拒签情形和证据完整度综合判断。\n应用：围绕劳动者、书面、劳动合同进行问答、检索与解释。适合法律分析、案件理解、条文适用和风险提示场景。\n来源：pdf://lawyer/lawyercompendium.pdf；原始来源：劳动合同法要点\n来源：pdf://E:/Roleplayingsystem/Roleplayingsystem/generated/domainpdfs/lawyercompendium.pdf；原始来源：pdf://lawyer/lawyercompendium.pdf；原始来源：劳动合同法要点#chunk1']",不一定。是否退押金要看合同约定、违约责任条款以及实际损失情况，房东不能无依据全额扣押。,lawyer,,0.0,0.0,0.0
交通事故后对方全责，我可以主张哪些赔偿？,"· 根据交通事故对方全责的情况，您可以主张的赔偿项目通常包括医疗费、误工费、护理费、交通费、住院伙食补助费、营养费，如果构成伤残还可主张残疾赔偿金、精神损害抚慰金，以及车辆维修费等财产损失。

· 当前知识库未检索到足够依据。上述项目主要依据民法典及最高人民法院关于人身损害赔偿的司法解释。

· 维权建议：第一步，立即报警并取得道路交通事故认定书，明确对方全责；第二步，保存所有医疗票据、诊断证明、病历、误工证明、交通票据、维修清单等证据；第三步，先与对方及保险公司协商理赔，若协商不成，及时向法院提起民事诉讼。

· 风险提示：人身损害赔偿的诉讼时效为三年，自知道或应当知道损害之日起算；若伤情较重，建议在治疗终结后申请伤残等级鉴定，以确定残疾赔偿金数额；保险理赔可能不足以覆盖全部损失，差额部分需向肇事方本人追偿。","['标题：法律卡片：劳动者/书面/劳动合同[1]\n内容：标题：法律卡片：劳动者/书面/劳动合同[1]\n定义：标题：法律卡片：书面/劳动合同/劳动者[104]\n定义：用人单位自用工之日起超过一个月不满一年未与劳动者订立书面劳动合同的，劳动者可依法主张双倍工资。但在具体案件中，仍需结合实际入职时间、是否存在拒签情形和证据完整度综合判断。\n要点：1.劳动者：标题：法律卡片：书面/劳动合同/劳动者[104]2.书面：定义：用人单位自用工之日起超过一个月不满一年未与劳动者订立书面劳动合同的，劳动者可依法主张双倍工资。但在具体案件中，仍需结合实际入职时间、是否存在拒签情形和证据完整度综合判断。3.劳动合同：要点：1.书面：用人单位自用工之日起超过一个月不满一年未与劳动者订立书面劳动合同的，劳动者可依法主张双倍工资。但在具体案件中，仍需结合实际入职时间、是否存在拒签情形和证据完整度综合判断。\n应用：围绕劳动者、书面、劳动合同进行问答、检索与解释。适合法律分析、案件理解、条文适用和风险提示场景。\n来源：pdf://lawyer/lawyercompendium.pdf；原始来源：劳动合同法要点\n来源：pdf://E:/Roleplayingsystem/Roleplayingsystem/generated/domainpdfs/lawyercompendium.pdf；原始来源：pdf://lawyer/lawyercompendium.pdf；原始来源：劳动合同法要点#chunk1'
 '标题：法律卡片：劳动者/书面/劳动合同[2]\n内容：标题：法律卡片：劳动者/书面/劳动合同[2]\n定义：标题：法律卡片：书面/劳动合同/劳动者[109]\n定义：用人单位自用工之日起超过一个月不满一年未与劳动者订立书面劳动合同的，劳动者可依法主张双倍工资。但在具体案件中，仍需结合实际入职时间、是否存在拒签情形和证据完整度综合判断。\n要点：1.劳动者：标题：法律卡片：书面/劳动合同/劳动者[109]2.书面：定义：用人单位自用工之日起超过一个月不满一年未与劳动者订立书面劳动合同的，劳动者可依法主张双倍工资。但在具体案件中，仍需结合实际入职时间、是否存在拒签情形和证据完整度综合判断。3.劳动合同：要点：1.书面：用人单位自用工之日起超过一个月不满一年未与劳动者订立书面劳动合同的，劳动者可依法主张双倍工资。但在具体案件中，仍需结合实际入职时间、是否存在拒签情形和证据完整度综合判断。\n应用：围绕劳动者、书面、劳动合同进行问答、检索与解释。适合法律分析、案件理解、条文适用和风险提示场景。\n来源：pdf://lawyer/lawyercompendium.pdf；原始来源：劳动合同法要点\n来源：pdf://E:/Roleplayingsystem/Roleplayingsystem/generated/domainpdfs/lawyercompendium.pdf；原始来源：pdf://lawyer/lawyercompendium.pdf；原始来源：劳动合同法要点#chunk1'
 '标题：法律卡片：劳动者/书面/劳动合同[3]\n内容：标题：法律卡片：劳动者/书面/劳动合同[3]\n定义：标题：法律卡片：书面/劳动合同/劳动者[114]\n定义：用人单位自用工之日起超过一个月不满一年未与劳动者订立书面劳动合同的，劳动者可依法主张双倍工资。但在具体案件中，仍需结合实际入职时间、是否存在拒签情形和证据完整度综合判断。\n要点：1.劳动者：标题：法律卡片：书面/劳动合同/劳动者[114]2.书面：定义：用人单位自用工之日起超过一个月不满一年未与劳动者订立书面劳动合同的，劳动者可依法主张双倍工资。但在具体案件中，仍需结合实际入职时间、是否存在拒签情形和证据完整度综合判断。3.劳动合同：要点：1.书面：用人单位自用工之日起超过一个月不满一年未与劳动者订立书面劳动合同的，劳动者可依法主张双倍工资。但在具体案件中，仍需结合实际入职时间、是否存在拒签情形和证据完整度综合判断。\n应用：围绕劳动者、书面、劳动合同进行问答、检索与解释。适合法律分析、案件理解、条文适用和风险提示场景。\n来源：pdf://lawyer/lawyercompendium.pdf；原始来源：劳动合同法要点\n来源：pdf://E:/Roleplayingsystem/Roleplayingsystem/generated/domainpdfs/lawyercompendium.pdf；原始来源：pdf://lawyer/lawyercompendium.pdf；原始来源：劳动合同法要点#chunk1']",通常可以主张医疗费、误工费、护理费、交通费、财产损失等；构成伤残的，还可主张残疾赔偿金等项目。,lawyer,,0.0,0.9432469652295736,0.0
新手刚入市，优先看市盈率还是现金流？,"新手建议优先看**现金流**。

根据投研卡片知识，高质量盈利的标准是**经营现金流与净利润大体匹配甚至更强**。如果只看市盈率（估值）而忽视现金流，容易踩中“净利润虚高、回款困难”的陷阱。先确认现金流健康，再结合市盈率判断价格是否合理，对新手更稳妥。","['标题：投研卡片：净利润/现金流/经营[401]\n内容：标题：投研卡片：净利润/现金流/经营[401]\n定义：标题：投研卡片：净利润/现金流/经营[103]\n定义：高质量盈利通常表现为经营活动现金流净额与净利润大体匹配，甚至经营现金流强于净利润。如果净利润持续增长但经营现金流长期偏弱，需要警惕收入确认、回款能力或利润含金量问题。\n要点：1.净利润：标题：投研卡片：净利润/现金流/经营[103]2.现金流：定义：高质量盈利通常表现为经营活动现金流净额与净利润大体匹配，甚至经营现金流强于净利润。如果净利润持续增长但经营现金流长期偏弱，需要警惕收入确认、回款能力或利润含金量问题。3.经营：要点：1.净利润：高质量盈利通常表现为经营活动现金流净额与净利润大体匹配，甚至经营现金流强于净利润。如果净利润持续增长但经营现金流长期偏弱，需要警惕收入确认、回款能力或利润含金量问题。\n应用：围绕净利润、现金流、经营进行问答、检索与解释。适合研判公司、行业、估值、风险和市场变化场景。\n来源：pdf://stockanalyst/stockanalystcompendium.pdf；原始来源：财务报表阅读要点\n来源：pdf://E:/Roleplayingsystem/Roleplayingsystem/generated/domainpdfs/stockanalystcompendium.pdf；原始来源：pdf://stockanalyst/stockanalystcompendium.pdf；原始来源：财务报表阅读要点#chunk1'
 '标题：投研卡片：净利润/现金流/经营[402]\n内容：标题：投研卡片：净利润/现金流/经营[402]\n定义：标题：投研卡片：净利润/现金流/经营[108]\n定义：高质量盈利通常表现为经营活动现金流净额与净利润大体匹配，甚至经营现金流强于净利润。如果净利润持续增长但经营现金流长期偏弱，需要警惕收入确认、回款能力或利润含金量问题。\n要点：1.净利润：标题：投研卡片：净利润/现金流/经营[108]2.现金流：定义：高质量盈利通常表现为经营活动现金流净额与净利润大体匹配，甚至经营现金流强于净利润。如果净利润持续增长但经营现金流长期偏弱，需要警惕收入确认、回款能力或利润含金量问题。3.经营：要点：1.净利润：高质量盈利通常表现为经营活动现金流净额与净利润大体匹配，甚至经营现金流强于净利润。如果净利润持续增长但经营现金流长期偏弱，需要警惕收入确认、回款能力或利润含金量问题。\n应用：围绕净利润、现金流、经营进行问答、检索与解释。适合研判公司、行业、估值、风险和市场变化场景。\n来源：pdf://stockanalyst/stockanalystcompendium.pdf；原始来源：财务报表阅读要点\n来源：pdf://E:/Roleplayingsystem/Roleplayingsystem/generated/domainpdfs/stockanalystcompendium.pdf；原始来源：pdf://stockanalyst/stockanalystcompendium.pdf；原始来源：财务报表阅读要点#chunk1'
 '标题：投研卡片：净利润/现金流/经营[403]\n内容：标题：投研卡片：净利润/现金流/经营[403]\n定义：标题：投研卡片：净利润/现金流/经营[113]\n定义：高质量盈利通常表现为经营活动现金流净额与净利润大体匹配，甚至经营现金流强于净利润。如果净利润持续增长但经营现金流长期偏弱，需要警惕收入确认、回款能力或利润含金量问题。\n要点：1.净利润：标题：投研卡片：净利润/现金流/经营[113]2.现金流：定义：高质量盈利通常表现为经营活动现金流净额与净利润大体匹配，甚至经营现金流强于净利润。如果净利润持续增长但经营现金流长期偏弱，需要警惕收入确认、回款能力或利润含金量问题。3.经营：要点：1.净利润：高质量盈利通常表现为经营活动现金流净额与净利润大体匹配，甚至经营现金流强于净利润。如果净利润持续增长但经营现金流长期偏弱，需要警惕收入确认、回款能力或利润含金量问题。\n应用：围绕净利润、现金流、经营进行问答、检索与解释。适合研判公司、行业、估值、风险和市场变化场景。\n来源：pdf://stockanalyst/stockanalystcompendium.pdf；原始来源：财务报表阅读要点\n来源：pdf://E:/Roleplayingsystem/Roleplayingsystem/generated/domainpdfs/stockanalystcompendium.pdf；原始来源：pdf://stockanalyst/stockanalystcompendium.pdf；原始来源：财务报表阅读要点#chunk1']",两者都要看，但不能只看市盈率。现金流能反映利润质量，若利润增长而经营现金流持续偏弱，需要提高警惕。,stock_analyst,,0.9999999999666667,0.6675276375793892,0.5
一家公司的营收增长很快，但应收账款也大增，这说明什么？,"营收增长快但应收账款大增，说明**盈利质量可能偏弱**。

根据知识库，判断盈利质量不能只看净利润增速，还应同时观察**应收账款**。如果收入增长大量依赖放宽信用政策来“赊销”，而没有转化为经营性现金流入，这样的增长不可持续，**现金流风险**较高。

建议进一步核查公司的**经营现金流**、**回款周期**以及**坏账计提**是否充分。","['标题：投研卡片：盈利/增长/质量[1]\n内容：标题：投研卡片：盈利/增长/质量[1]\n定义：标题：投研卡片：盈利/质量/增长[101]\n定义：判断一家公司的盈利质量，不能只看净利润增速，还应同时观察收入增长、毛利率、净利率、经营现金流、应收账款、存货和负债结构。如果利润增长主要来自非经常性项目或会计处理变化，盈利质量通常较弱。\n要点：1.盈利：标题：投研卡片：盈利/质量/增长[101]2.增长：定义：判断一家公司的盈利质量，不能只看净利润增速，还应同时观察收入增长、毛利率、净利率、经营现金流、应收账款、存货和负债结构。如果利润增长主要来自非经常性项目或会计处理变化，盈利质量通常较弱。3.质量：要点：1.盈利：判断一家公司的盈利质量，不能只看净利润增速，还应同时观察收入增长、毛利率、净利率、经营现金流、应收账款、存货和负债结构。如果利润增长主要来自非经常性项目或会计处理变化，盈利质量通常较弱。\n应用：围绕盈利、增长、质量进行问答、检索与解释。适合研判公司、行业、估值、风险和市场变化场景。\n来源：pdf://stockanalyst/stockanalystcompendium.pdf；原始来源：财报分析方法整理\n来源：pdf://E:/Roleplayingsystem/Roleplayingsystem/generated/domainpdfs/stockanalystcompendium.pdf；原始来源：pdf://stockanalyst/stockanalystcompendium.pdf；原始来源：财报分析方法整理#chunk1'
 '标题：投研卡片：盈利/增长/质量[2]\n内容：标题：投研卡片：盈利/增长/质量[2]\n定义：标题：投研卡片：盈利/质量/增长[106]\n定义：判断一家公司的盈利质量，不能只看净利润增速，还应同时观察收入增长、毛利率、净利率、经营现金流、应收账款、存货和负债结构。如果利润增长主要来自非经常性项目或会计处理变化，盈利质量通常较弱。\n要点：1.盈利：标题：投研卡片：盈利/质量/增长[106]2.增长：定义：判断一家公司的盈利质量，不能只看净利润增速，还应同时观察收入增长、毛利率、净利率、经营现金流、应收账款、存货和负债结构。如果利润增长主要来自非经常性项目或会计处理变化，盈利质量通常较弱。3.质量：要点：1.盈利：判断一家公司的盈利质量，不能只看净利润增速，还应同时观察收入增长、毛利率、净利率、经营现金流、应收账款、存货和负债结构。如果利润增长主要来自非经常性项目或会计处理变化，盈利质量通常较弱。\n应用：围绕盈利、增长、质量进行问答、检索与解释。适合研判公司、行业、估值、风险和市场变化场景。\n来源：pdf://stockanalyst/stockanalystcompendium.pdf；原始来源：财报分析方法整理\n来源：pdf://E:/Roleplayingsystem/Roleplayingsystem/generated/domainpdfs/stockanalystcompendium.pdf；原始来源：pdf://stockanalyst/stockanalystcompendium.pdf；原始来源：财报分析方法整理#chunk1'
 '标题：投研卡片：盈利/增长/质量[3]\n内容：标题：投研卡片：盈利/增长/质量[3]\n定义：标题：投研卡片：盈利/质量/增长[111]\n定义：判断一家公司的盈利质量，不能只看净利润增速，还应同时观察收入增长、毛利率、净利率、经营现金流、应收账款、存货和负债结构。如果利润增长主要来自非经常性项目或会计处理变化，盈利质量通常较弱。\n要点：1.盈利：标题：投研卡片：盈利/质量/增长[111]2.增长：定义：判断一家公司的盈利质量，不能只看净利润增速，还应同时观察收入增长、毛利率、净利率、经营现金流、应收账款、存货和负债结构。如果利润增长主要来自非经常性项目或会计处理变化，盈利质量通常较弱。3.质量：要点：1.盈利：判断一家公司的盈利质量，不能只看净利润增速，还应同时观察收入增长、毛利率、净利率、经营现金流、应收账款、存货和负债结构。如果利润增长主要来自非经常性项目或会计处理变化，盈利质量通常较弱。\n应用：围绕盈利、增长、质量进行问答、检索与解释。适合研判公司、行业、估值、风险和市场变化场景。\n来源：pdf://stockanalyst/stockanalystcompendium.pdf；原始来源：财报分析方法整理\n来源：pdf://E:/Roleplayingsystem/Roleplayingsystem/generated/domainpdfs/stockanalystcompendium.pdf；原始来源：pdf://stockanalyst/stockanalystcompendium.pdf；原始来源：财报分析方法整理#chunk1']",这可能说明收入质量一般，存在回款压力或通过赊销拉动收入的风险，需要结合现金流、坏账准备和客户结构继续判断。,stock_analyst,,0.9999999999666667,0.9733199194360429,0.0
高股息股票是不是就一定安全？,"报告标题：高股息≠绝对安全：需穿透盈利质量审视

报告信息
基于知识库“投研卡片：盈利/增长/质量”核心逻辑，针对高股息投资的安全性误区。

核心业绩概览
高股息股票并不代表一定安全。股息率是基于已实现的净利润或现金流发放，但若该利润来源不可持续或质量低下，高股息反而可能成为“价值陷阱”。

分板块盈利
无相关数据。

发电量结构
无相关数据。

盈利与成本
知识库明确指出：**判断一家公司的盈利质量，不能只看净利润增速，还应同时观察收入增长、毛利率、净利率、经营现金流、应收账款、存货和负债结构**。高股息率只反映当期分红比例，如果该公司利润增长主要来自**非经常性项目或会计处理变化**，即便派息率高，其盈利质量通常也较弱，进而威胁未来分红的稳定性。

装机与项目建设
无相关数据。

分红规划
无相关数据。

盈利预测与估值
无相关数据。

风险提示
高股息股票的主要风险点恰恰在于其盈利质量的不可靠性。比如：利润由变卖资产或一次性政府补贴贡献；应收账款高企导致经营性现金流远低于净利润；负债率过高，分红依赖外部融资等。这些因素都会导致看似安全的股息在未来被削减或暂停。

可比公司估值
无相关数据。

核心数据汇总表
| 维度 | 结论 | 关键依据（来自知识库） |
| :--- | :--- | :--- |
| 高股息是否安全 | **否**，需具体分析 | 仅看净利润增速（或股息率）是不够的 |
| 盈利质量核心指标 | **营收、毛利率、净利率、经营现金流、应收、存货、负债** | 利润来源需为经营主业，且现金可回收 |
| 常见风险信号 | 利润来自**非经常性项目/会计调整** | 此类利润不可持续，分红基础薄弱 |","['标题：投研卡片：盈利/增长/质量[1]\n内容：标题：投研卡片：盈利/增长/质量[1]\n定义：标题：投研卡片：盈利/质量/增长[101]\n定义：判断一家公司的盈利质量，不能只看净利润增速，还应同时观察收入增长、毛利率、净利率、经营现金流、应收账款、存货和负债结构。如果利润增长主要来自非经常性项目或会计处理变化，盈利质量通常较弱。\n要点：1.盈利：标题：投研卡片：盈利/质量/增长[101]2.增长：定义：判断一家公司的盈利质量，不能只看净利润增速，还应同时观察收入增长、毛利率、净利率、经营现金流、应收账款、存货和负债结构。如果利润增长主要来自非经常性项目或会计处理变化，盈利质量通常较弱。3.质量：要点：1.盈利：判断一家公司的盈利质量，不能只看净利润增速，还应同时观察收入增长、毛利率、净利率、经营现金流、应收账款、存货和负债结构。如果利润增长主要来自非经常性项目或会计处理变化，盈利质量通常较弱。\n应用：围绕盈利、增长、质量进行问答、检索与解释。适合研判公司、行业、估值、风险和市场变化场景。\n来源：pdf://stockanalyst/stockanalystcompendium.pdf；原始来源：财报分析方法整理\n来源：pdf://E:/Roleplayingsystem/Roleplayingsystem/generated/domainpdfs/stockanalystcompendium.pdf；原始来源：pdf://stockanalyst/stockanalystcompendium.pdf；原始来源：财报分析方法整理#chunk1'
 '标题：投研卡片：盈利/增长/质量[2]\n内容：标题：投研卡片：盈利/增长/质量[2]\n定义：标题：投研卡片：盈利/质量/增长[106]\n定义：判断一家公司的盈利质量，不能只看净利润增速，还应同时观察收入增长、毛利率、净利率、经营现金流、应收账款、存货和负债结构。如果利润增长主要来自非经常性项目或会计处理变化，盈利质量通常较弱。\n要点：1.盈利：标题：投研卡片：盈利/质量/增长[106]2.增长：定义：判断一家公司的盈利质量，不能只看净利润增速，还应同时观察收入增长、毛利率、净利率、经营现金流、应收账款、存货和负债结构。如果利润增长主要来自非经常性项目或会计处理变化，盈利质量通常较弱。3.质量：要点：1.盈利：判断一家公司的盈利质量，不能只看净利润增速，还应同时观察收入增长、毛利率、净利率、经营现金流、应收账款、存货和负债结构。如果利润增长主要来自非经常性项目或会计处理变化，盈利质量通常较弱。\n应用：围绕盈利、增长、质量进行问答、检索与解释。适合研判公司、行业、估值、风险和市场变化场景。\n来源：pdf://stockanalyst/stockanalystcompendium.pdf；原始来源：财报分析方法整理\n来源：pdf://E:/Roleplayingsystem/Roleplayingsystem/generated/domainpdfs/stockanalystcompendium.pdf；原始来源：pdf://stockanalyst/stockanalystcompendium.pdf；原始来源：财报分析方法整理#chunk1'
 '标题：投研卡片：盈利/增长/质量[3]\n内容：标题：投研卡片：盈利/增长/质量[3]\n定义：标题：投研卡片：盈利/质量/增长[111]\n定义：判断一家公司的盈利质量，不能只看净利润增速，还应同时观察收入增长、毛利率、净利率、经营现金流、应收账款、存货和负债结构。如果利润增长主要来自非经常性项目或会计处理变化，盈利质量通常较弱。\n要点：1.盈利：标题：投研卡片：盈利/质量/增长[111]2.增长：定义：判断一家公司的盈利质量，不能只看净利润增速，还应同时观察收入增长、毛利率、净利率、经营现金流、应收账款、存货和负债结构。如果利润增长主要来自非经常性项目或会计处理变化，盈利质量通常较弱。3.质量：要点：1.盈利：判断一家公司的盈利质量，不能只看净利润增速，还应同时观察收入增长、毛利率、净利率、经营现金流、应收账款、存货和负债结构。如果利润增长主要来自非经常性项目或会计处理变化，盈利质量通常较弱。\n应用：围绕盈利、增长、质量进行问答、检索与解释。适合研判公司、行业、估值、风险和市场变化场景。\n来源：pdf://stockanalyst/stockanalystcompendium.pdf；原始来源：财报分析方法整理\n来源：pdf://E:/Roleplayingsystem/Roleplayingsystem/generated/domainpdfs/stockanalystcompendium.pdf；原始来源：pdf://stockanalyst/stockanalystcompendium.pdf；原始来源：财报分析方法整理#chunk1']",不是。高股息可能来自稳定盈利，也可能是股价下跌导致股息率被动抬高，需要结合盈利能力、分红持续性和负债情况综合判断。,stock_analyst,,0.9999999999666667,0.9826667343322453,0.0
怎么看一家企业利润增长是不是‘真增长’？,"好的，这位投资者。判断一家企业的利润增长是否“真增长”，不能只看净利润增速这一个数字，否则非常容易踩中“报表利润”的陷阱。

根据我们投研体系的框架，需要从以下几个维度进行交叉验证，判断其增长质量和可持续性：

盈利增长质量核心分析框架

**核心逻辑**：利润的增长必须伴随**收入的真实增长**、**健康的现金流**以及**资产质量的稳定**。如果增长主要依赖非经常性损益或会计调整，盈利质量通常较弱。

**一、 收入增长是根本**
**关键数据**：需关注 **营业收入增速** 是否与 **净利润增速** 大致匹配。
**异常信号**：如果净利润增速连续数个季度远超收入增速，需警惕利润可能来自非主业或一次性项目。

**二、 现金流与利润的匹配度**
**关键数据**：**经营现金流净额** 是否大于等于 **净利润**。
**异常信号**：若利润持续增长，但经营性现金流长期为负或远低于利润，说明利润只是“纸面富贵”，可能是应收账款堆积形成的。

**三、 毛利率与净利率的趋势**
**关键数据**：**毛利率** 是否稳定或提升；**净利率** 的提升是否依赖费用压缩。
**异常信号**：毛利率下降但净利率上升，可能压缩了研发或销售费用，牺牲了长期竞争力。

**四、 应收账款与存货的变动**
**关键数据**：**应收账款增速** 与 **存货增速** 是否与收入增速匹配。
**异常信号**：如果应收账款增速远超收入增速，或存货积压严重，可能通过放宽信用政策或压货来虚增收入，未来面临坏账和跌价风险。

**五、 负债结构与利息负担**
**关键数据**：**有息负债率** 与 **利息支出** 的变动。
**异常信号**：利润增长的同时，有息负债和利息支出大幅增加，说明企业依靠借债维持增长，财务风险高。

以下为判断盈利增长真实性的核心概览表：

| 分析维度 | 关键指标 | 健康信号 | 危险信号（“假增长”） |
| :--- | :--- | :--- | :--- |
| **收入匹配度** | **营收增速 vs 净利润增速** | 两者同步增长，趋势一致 | 净利润增速远超营收增速 |
| **现金流质量** | **经营现金流 vs 净利润** | 经营现金流≥净利润 | 经营现金流持续为负或远低于净利 |
| **盈利质量** | **毛利率、净利率** | 毛利率稳中有升，净利率真实 | 毛利率下降，净利率却逆势提升 |
| **资产效率** | **应收账款、存货周转率** | 周转率与收入增速同步 | 应收/存货增速远超收入增速 |
| **财务杠杆** | **有息负债率、利息保障倍数** | 负债率稳定，利息负担低 | 利润增长靠加杠杆，利息支出大增 |

---

**汇总判断**：当你看到一家企业利润高增长，应首先检查其 **经营现金流** 是否为正且充裕，然后排查 **应收账款** 和 **存货** 是否有异常堆积。如果这些关键项都健康，再结合营收和毛利率趋势，基本可以确认是“真增长”。","['标题：投研卡片：盈利/增长/质量[1]\n内容：标题：投研卡片：盈利/增长/质量[1]\n定义：标题：投研卡片：盈利/质量/增长[101]\n定义：判断一家公司的盈利质量，不能只看净利润增速，还应同时观察收入增长、毛利率、净利率、经营现金流、应收账款、存货和负债结构。如果利润增长主要来自非经常性项目或会计处理变化，盈利质量通常较弱。\n要点：1.盈利：标题：投研卡片：盈利/质量/增长[101]2.增长：定义：判断一家公司的盈利质量，不能只看净利润增速，还应同时观察收入增长、毛利率、净利率、经营现金流、应收账款、存货和负债结构。如果利润增长主要来自非经常性项目或会计处理变化，盈利质量通常较弱。3.质量：要点：1.盈利：判断一家公司的盈利质量，不能只看净利润增速，还应同时观察收入增长、毛利率、净利率、经营现金流、应收账款、存货和负债结构。如果利润增长主要来自非经常性项目或会计处理变化，盈利质量通常较弱。\n应用：围绕盈利、增长、质量进行问答、检索与解释。适合研判公司、行业、估值、风险和市场变化场景。\n来源：pdf://stockanalyst/stockanalystcompendium.pdf；原始来源：财报分析方法整理\n来源：pdf://E:/Roleplayingsystem/Roleplayingsystem/generated/domainpdfs/stockanalystcompendium.pdf；原始来源：pdf://stockanalyst/stockanalystcompendium.pdf；原始来源：财报分析方法整理#chunk1'
 '标题：投研卡片：盈利/增长/质量[2]\n内容：标题：投研卡片：盈利/增长/质量[2]\n定义：标题：投研卡片：盈利/质量/增长[106]\n定义：判断一家公司的盈利质量，不能只看净利润增速，还应同时观察收入增长、毛利率、净利率、经营现金流、应收账款、存货和负债结构。如果利润增长主要来自非经常性项目或会计处理变化，盈利质量通常较弱。\n要点：1.盈利：标题：投研卡片：盈利/质量/增长[106]2.增长：定义：判断一家公司的盈利质量，不能只看净利润增速，还应同时观察收入增长、毛利率、净利率、经营现金流、应收账款、存货和负债结构。如果利润增长主要来自非经常性项目或会计处理变化，盈利质量通常较弱。3.质量：要点：1.盈利：判断一家公司的盈利质量，不能只看净利润增速，还应同时观察收入增长、毛利率、净利率、经营现金流、应收账款、存货和负债结构。如果利润增长主要来自非经常性项目或会计处理变化，盈利质量通常较弱。\n应用：围绕盈利、增长、质量进行问答、检索与解释。适合研判公司、行业、估值、风险和市场变化场景。\n来源：pdf://stockanalyst/stockanalystcompendium.pdf；原始来源：财报分析方法整理\n来源：pdf://E:/Roleplayingsystem/Roleplayingsystem/generated/domainpdfs/stockanalystcompendium.pdf；原始来源：pdf://stockanalyst/stockanalystcompendium.pdf；原始来源：财报分析方法整理#chunk1'
 '标题：投研卡片：盈利/增长/质量[3]\n内容：标题：投研卡片：盈利/增长/质量[3]\n定义：标题：投研卡片：盈利/质量/增长[111]\n定义：判断一家公司的盈利质量，不能只看净利润增速，还应同时观察收入增长、毛利率、净利率、经营现金流、应收账款、存货和负债结构。如果利润增长主要来自非经常性项目或会计处理变化，盈利质量通常较弱。\n要点：1.盈利：标题：投研卡片：盈利/质量/增长[111]2.增长：定义：判断一家公司的盈利质量，不能只看净利润增速，还应同时观察收入增长、毛利率、净利率、经营现金流、应收账款、存货和负债结构。如果利润增长主要来自非经常性项目或会计处理变化，盈利质量通常较弱。3.质量：要点：1.盈利：判断一家公司的盈利质量，不能只看净利润增速，还应同时观察收入增长、毛利率、净利率、经营现金流、应收账款、存货和负债结构。如果利润增长主要来自非经常性项目或会计处理变化，盈利质量通常较弱。\n应用：围绕盈利、增长、质量进行问答、检索与解释。适合研判公司、行业、估值、风险和市场变化场景。\n来源：pdf://stockanalyst/stockanalystcompendium.pdf；原始来源：财报分析方法整理\n来源：pdf://E:/Roleplayingsystem/Roleplayingsystem/generated/domainpdfs/stockanalystcompendium.pdf；原始来源：pdf://stockanalyst/stockanalystcompendium.pdf；原始来源：财报分析方法整理#chunk1']",要同时看收入、毛利率、净利率、经营现金流和非经常性损益。若利润增长主要靠一次性收益或会计处理，质量通常不高。,stock_analyst,,0.9999999999666667,0.9868478572423317,1.0
孩子做题总是粗心，应该怎么辅导？,"· 当前知识库未检索到专门针对“粗心”问题的辅导依据，因此我结合多年教学经验给出保守建议。
· 粗心往往不是态度问题，而是习惯和流程的问题，建议从审题、书写、检查三个环节入手。
· 第一步，让孩子养成“圈画关键词”的习惯，读题时用铅笔把数字、单位、关键条件圈出来，防止漏看。
· 第二步，规范书写，草稿纸分区使用，每道题按顺序列式，避免跳步和潦草抄错。
· 第三步，强制留出检查时间，做完一道题立即回头看一眼计算过程或单位是否写对，而不是全部做完再查。
· 如果孩子总是在同一类题型上粗心，说明对应的知识点或步骤还不够自动化，需要专项小练来巩固。
· 要注意的是，不要因为粗心就过度批评或惩罚，容易让孩子把紧张也归因成粗心，反而增加错误。
· 建议用一张“粗心登记表”，每次作业后记录错题是因为看错、算错还是抄错，两周后分析规律，针对性改进。
· 如果连续两周粗心错误率超过30%，可能需要排查是否存在注意力疲劳或睡眠不足等生理因素。","['标题：教学卡片：数学/不宜/学习[1007]\n内容：标题：教学卡片：数学/不宜/学习[1007]\n定义：数学、不宜进行问答、检索与解释。适合教学设计、课堂讲解、知识梳理和学习指导场景。\n来源：数学学习辅导建议\n要点：1.数学：数学、不宜进行问答、检索与解释。适合教学设计、课堂讲解、知识梳理和学习指导场景。\n来源：数学学习辅导建议\n应用：围绕数学、不宜、学习进行问答、检索与解释。适合教学设计、课堂讲解、知识梳理和学习指导场景。\n来源：pdf://teacher/teachercompendium.pdf；原始来源：数学学习辅导建议\n来源：pdf://E:/Roleplayingsystem/Roleplayingsystem/generated/domainpdfs/teachercompendium.pdf；原始来源：pdf://teacher/teachercompendium.pdf；原始来源：数学学习辅导建议#chunk1'
 '标题：教学卡片：基础/数学/不宜[1003]\n内容：标题：教学卡片：基础/数学/不宜[1003]\n定义：数学基础较弱时，应优先补齐概念、公式、基本题型和常见解题步骤，先保证基础题拿分，再逐步过渡到综合题。不宜一开始就大量刷难题，否则容易造成挫败和时间浪费。\n要点：1.基础：数学基础较弱时，应优先补齐概念、公式、基本题型和常见解题步骤，先保证基础题拿分，再逐步过渡到综合题。不宜一开始就大量刷难题，否则容易造成挫败和时间浪费。\n应用：围绕基础、数学、不宜进行问答、检索与解释。适合教学设计、课堂讲解、知识梳理和学习指导场景。\n来源：数学学习辅导建议\n来源：pdf://E:/Roleplayingsystem/Roleplayingsystem/generated/domainpdfs/teachercompendium.pdf；原始来源：数学学习辅导建议#chunk1'
 '标题：教学卡片：基础/不宜/数学[202]\n内容：标题：教学卡片：基础/不宜/数学[202]\n定义：标题：教学卡片：基础/数学/不宜[102]\n定义：数学基础较弱时，应优先补齐概念、公式、基本题型和常见解题步骤，先保证基础题拿分，再逐步过渡到综合题。不宜一开始就大量刷难题，否则容易造成挫败和时间浪费。\n要点：1.基础：标题：教学卡片：基础/数学/不宜[102]2.不宜：定义：数学基础较弱时，应优先补齐概念、公式、基本题型和常见解题步骤，先保证基础题拿分，再逐步过渡到综合题。不宜一开始就大量刷难题，否则容易造成挫败和时间浪费。3.数学：要点：1.基础：数学基础较弱时，应优先补齐概念、公式、基本题型和常见解题步骤，先保证基础题拿分，再逐步过渡到综合题。不宜一开始就大量刷难题，否则容易造成挫败和时间浪费。\n应用：围绕基础、不宜、数学进行问答、检索与解释。适合教学设计、课堂讲解、知识梳理和学习指导场景。\n来源：pdf://teacher/teachercompendium.pdf；原始来源：数学学习辅导建议\n来源：pdf://E:/Roleplayingsystem/Roleplayingsystem/generated/domainpdfs/teachercompendium.pdf；原始来源：pdf://teacher/teachercompendium.pdf；原始来源：数学学习辅导建议#chunk1']",先区分是基础不牢、注意力分散还是做题习惯问题，再通过限时训练、错题整理和过程复盘逐步改善，不能只简单归因于粗心。,teacher,,0.0,0.8788767528183338,0.0
怎么给初中生制定一个可执行的学习计划？,"· 给初中生制定可执行的学习计划，核心是“阶段清晰、任务具体、留出弹性”。

· 根据我手边的教学卡片，一个可参考的框架是：先用两周时间按专题训练和订正常错题，再用最后一周进行模拟测试、查漏补缺和调整作息。

· 具体做法可以这样拆：

· 第一步，先和孩子一起盘点当前各科的优势和薄弱点，把大目标拆成每周、每天的小任务。

· 第二步，每天安排固定的学习时段，每段不超过45分钟，中间安排10分钟休息，避免注意力分散。

· 第三步，每周末留出半天时间复习本周错题和重点，并调整下周计划。

· 执行建议：计划不要排得太满，每天留出30分钟到1小时的灵活时间，用于处理临时作业或突发状况。

· 注意事项：初中生正处于青春期，计划要和孩子商量着定，不能家长单方面规定；每完成一周任务可以给一个小奖励，比如多看半小时课外书或玩一次游戏。

· 当前知识库中主要给出了冲刺阶段的模板，日常长期计划还需要结合孩子的具体课表、作业量和考试安排来细化。","['标题：教学卡片：一次/学习/指导[1008]\n内容：标题：教学卡片：一次/学习/指导[1008]\n定义：整理、一次进行问答、检索与解释。适合教学设计、课堂讲解、知识梳理和学习指导场景。\n来源：学习方法指导\n要点：1.一次：整理、一次进行问答、检索与解释。适合教学设计、课堂讲解、知识梳理和学习指导场景。\n来源：学习方法指导\n应用：围绕一次、学习、指导进行问答、检索与解释。适合教学设计、课堂讲解、知识梳理和学习指导场景。\n来源：pdf://teacher/teachercompendium.pdf；原始来源：学习方法指导\n来源：pdf://E:/Roleplayingsystem/Roleplayingsystem/generated/domainpdfs/teachercompendium.pdf；原始来源：pdf://teacher/teachercompendium.pdf；原始来源：学习方法指导#chunk1'
 '标题：教学卡片：数学/不宜/学习[1007]\n内容：标题：教学卡片：数学/不宜/学习[1007]\n定义：数学、不宜进行问答、检索与解释。适合教学设计、课堂讲解、知识梳理和学习指导场景。\n来源：数学学习辅导建议\n要点：1.数学：数学、不宜进行问答、检索与解释。适合教学设计、课堂讲解、知识梳理和学习指导场景。\n来源：数学学习辅导建议\n应用：围绕数学、不宜、学习进行问答、检索与解释。适合教学设计、课堂讲解、知识梳理和学习指导场景。\n来源：pdf://teacher/teachercompendium.pdf；原始来源：数学学习辅导建议\n来源：pdf://E:/Roleplayingsystem/Roleplayingsystem/generated/domainpdfs/teachercompendium.pdf；原始来源：pdf://teacher/teachercompendium.pdf；原始来源：数学学习辅导建议#chunk1'
 '标题：教学卡片：一周/一个月/冲刺[201]\n内容：标题：教学卡片：一周/一个月/冲刺[201]\n定义：两周按专题训练和订正常错题；第三阶段用最后一周进行模拟测试、查漏补缺和作息调整。\n应用：围绕一个月、一周、冲刺进行问答、检索与解释。适合教学设计、课堂讲解、知识梳理和学习指导场景。\n来源：中学学习规划建议\n要点：1.一周：两周按专题训练和订正常错题；第三阶段用最后一周进行模拟测试、查漏补缺和作息调整。\n应用：围绕一个月、一周、冲刺进行问答、检索与解释。适合教学设计、课堂讲解、知识梳理和学习指导场景。2.一个月：来源：中学学习规划建议\n应用：围绕一周、一个月、冲刺进行问答、检索与解释。适合教学设计、课堂讲解、知识梳理和学习指导场景。\n来源：pdf://teacher/teachercompendium.pdf；原始来源：中学学习规划建议\n来源：pdf://E:/Roleplayingsystem/Roleplayingsystem/generated/domainpdfs/teachercompendium.pdf；原始来源：pdf://teacher/teachercompendium.pdf；原始来源：中学学习规划建议#chunk1']",应按学科薄弱点拆分目标，安排固定复习、练习和订正时间，计划要可量化、可复盘，并保留休息时间。,teacher,,0.3333333333,0.8382614615219383,0.0
孩子背了很多单词还是不会用，问题出在哪？,"· 孩子背了很多单词却不会用，核心问题出在“知识的输入与输出脱节”——只记了单词的拼写和中文意思，但没有在真实的语境和句子中反复激活这些词汇。

· 这就像平时练武术只扎马步、不打沙袋，上了擂台自然用不出来。

· 我的建议是调整复习策略，把单词“用起来”而不是“背下来”。

· 先做一个简单的检查：让孩子用昨天背诵的5个单词，每个造一个最简单的句子，看能否写对。

· 如果卡住，说明这个单词在孩子头脑里是“死”的，需要立刻进入“用法激活”阶段。

· 复习安排可以按以下小周期进行：

· 第一天：理解单词在课文或例句中的具体用法，不是只看中文释义。

· 第二天：用这个单词口头造句2-3个，建议与生活相关，比如“I need to buy groceries.” 而不是照抄课文。

· 第三天：把前两天的单词放进一段短文中或对话里，尝试写一个50词左右的段落。

· 第四天：做选词填空或翻译练习，强迫大脑在相似情景中提取单词。

· 这个周期可以循环进行，重点是“以句子带单词，而不是以单词带句子”。

· 执行建议：

· 建议每天固定15-20分钟进行“输出训练”，比如口头造句、写小作文或复述故事。

· 准备一个“错用本”，把孩子写错或用错的句子记下来，每周末集中订正一次。

· 家长可以扮演听众，让孩子用新词向你描述他的一天，能有效提升使用频率。

· 注意事项：

· 不要追求每天背大量新词，目标是能把20个旧词真正用对，而不是背100个新词但不会用。

· 如果孩子出现明显的畏难情绪，可以暂时降低造句难度，从填空句开始过渡。

· 特别注意，当孩子写出明显语法错误或搭配错误时（比如“I very like it”这种中式英文），不要直接批评，而是引导他回忆正确搭配，保护表达意愿。","['标题：教学卡片：一周/一个月/冲刺[1]\n内容：标题：教学卡片：一周/一个月/冲刺[1]\n定义：标题：教学卡片：一个月/一周/冲刺[101]\n定义：一个月冲刺复习可分为三个阶段：第一阶段用一周系统梳理基础知识和公式概念；第二阶段用两周按专题训练和订正常错题；第三阶段用最后一周进行模拟测试、查漏补缺和作息调整。\n要点：1.一周：标题：教学卡片：一个月/一周/冲刺[101]2.一个月：定义：一个月冲刺复习可分为三个阶段：第一阶段用一周系统梳理基础知识和公式概念；第二阶段用两周按专题训练和订正常错题；第三阶段用最后一周进行模拟测试、查漏补缺和作息调整。3.冲刺：要点：1.一个月：一个月冲刺复习可分为三个阶段：第一阶段用一周系统梳理基础知识和公式概念；第二阶段用两周按专题训练和订正常错题；第三阶段用最后一周进行模拟测试、查漏补缺和作息调整。\n应用：围绕一周、一个月、冲刺进行问答、检索与解释。适合教学设计、课堂讲解、知识梳理和学习指导场景。\n来源：pdf://teacher/teachercompendium.pdf；原始来源：中学学习规划建议\n来源：pdf://E:/Roleplayingsystem/Roleplayingsystem/generated/domainpdfs/teachercompendium.pdf；原始来源：pdf://teacher/teachercompendium.pdf；原始来源：中学学习规划建议#chunk1'
 '标题：教学卡片：一周/一个月/冲刺[2]\n内容：标题：教学卡片：一周/一个月/冲刺[2]\n定义：标题：教学卡片：一个月/一周/冲刺[106]\n定义：一个月冲刺复习可分为三个阶段：第一阶段用一周系统梳理基础知识和公式概念；第二阶段用两周按专题训练和订正常错题；第三阶段用最后一周进行模拟测试、查漏补缺和作息调整。\n要点：1.一周：标题：教学卡片：一个月/一周/冲刺[106]2.一个月：定义：一个月冲刺复习可分为三个阶段：第一阶段用一周系统梳理基础知识和公式概念；第二阶段用两周按专题训练和订正常错题；第三阶段用最后一周进行模拟测试、查漏补缺和作息调整。3.冲刺：要点：1.一个月：一个月冲刺复习可分为三个阶段：第一阶段用一周系统梳理基础知识和公式概念；第二阶段用两周按专题训练和订正常错题；第三阶段用最后一周进行模拟测试、查漏补缺和作息调整。\n应用：围绕一周、一个月、冲刺进行问答、检索与解释。适合教学设计、课堂讲解、知识梳理和学习指导场景。\n来源：pdf://teacher/teachercompendium.pdf；原始来源：中学学习规划建议\n来源：pdf://E:/Roleplayingsystem/Roleplayingsystem/generated/domainpdfs/teachercompendium.pdf；原始来源：pdf://teacher/teachercompendium.pdf；原始来源：中学学习规划建议#chunk1'
 '标题：教学卡片：一周/一个月/冲刺[3]\n内容：标题：教学卡片：一周/一个月/冲刺[3]\n定义：标题：教学卡片：一个月/一周/冲刺[111]\n定义：一个月冲刺复习可分为三个阶段：第一阶段用一周系统梳理基础知识和公式概念；第二阶段用两周按专题训练和订正常错题；第三阶段用最后一周进行模拟测试、查漏补缺和作息调整。\n要点：1.一周：标题：教学卡片：一个月/一周/冲刺[111]2.一个月：定义：一个月冲刺复习可分为三个阶段：第一阶段用一周系统梳理基础知识和公式概念；第二阶段用两周按专题训练和订正常错题；第三阶段用最后一周进行模拟测试、查漏补缺和作息调整。3.冲刺：要点：1.一个月：一个月冲刺复习可分为三个阶段：第一阶段用一周系统梳理基础知识和公式概念；第二阶段用两周按专题训练和订正常错题；第三阶段用最后一周进行模拟测试、查漏补缺和作息调整。\n应用：围绕一周、一个月、冲刺进行问答、检索与解释。适合教学设计、课堂讲解、知识梳理和学习指导场景。\n来源：pdf://teacher/teachercompendium.pdf；原始来源：中学学习规划建议\n来源：pdf://E:/Roleplayingsystem/Roleplayingsystem/generated/domainpdfs/teachercompendium.pdf；原始来源：pdf://teacher/teachercompendium.pdf；原始来源：中学学习规划建议#chunk1']",常见原因是只记词义不做语境输入和输出。应把单词放进句子、阅读和写作中反复使用，提升实际运用能力。,teacher,,0.0,0.845537743837646,0.0
遇到学生偏科严重，先补弱项还是继续强化优势？,"· 这个问题没有标准答案，关键要看学生所处的阶段和具体的科目差距。
· 如果弱科是主科（比如数学、英语、语文），并且分数明显拖了后腿，建议优先补弱，因为提分空间更大。
· 如果弱科是副科或者分数差距不大，而优势科目可以冲击高分段，那强化优势可能对总分的贡献更直接。
· 更稳妥的做法是采用“优势保底 + 弱科突破”并行的策略：每周固定时间巩固优势科目的基础练习，再用另一部分时间集中攻克弱科的核心漏洞。
· 根据知识库中的建议，成绩波动时应优先分析错因而不是盲目加量。无论选择补弱还是强优，第一步都应和学生一起找出弱科的具体失分点（是计算粗心、概念不清还是考试紧张），再做针对性安排。
· 复习安排上，不要让学生连续熬夜或者刷大量同类型题目。保持规律作息、适度运动，能有效提升专注度和记忆效果。
· 执行上可以这样操作：每周先花半小时和学生总结一次弱科的错题类型，再根据错因确定下一周的主攻方向。优势科目只需每天保持一两个核心练习，防止生疏。
· 注意事项：补弱初期往往见效慢，学生容易焦虑，要提醒他看中期进步而不是短期分数。同时注意不要因为补弱而放弃优势科目，否则容易两头落空。如果发现自己无法准确判断弱科的根源，建议联系该科老师一起参与分析。","['标题：教学卡片：不是/复习/专注[1006]\n内容：标题：教学卡片：不是/复习/专注[1006]\n定义：冲刺复习不是持续熬夜。保证睡眠、减少无效刷题、保持适度运动和固定作息，有助于提升专注度和记忆效果。如果阶段成绩波动，应优先分析错因而不是盲目加量。\n要点：1.不是：冲刺复习不是持续熬夜。保证睡眠、减少无效刷题、保持适度运动和固定作息，有助于提升专注度和记忆效果。如果阶段成绩波动，应优先分析错因而不是盲目加量。\n应用：围绕不是、复习、专注进行问答、检索与解释。适合教学设计、课堂讲解、知识梳理和学习指导场景。\n来源：学生备考建议\n来源：pdf://E:/Roleplayingsystem/Roleplayingsystem/generated/domainpdfs/teachercompendium.pdf；原始来源：学生备考建议#chunk1'
 '标题：教学卡片：不是/专注/复习[760]\n内容：标题：教学卡片：不是/专注/复习[760]\n定义：标题：教学卡片：不是/复习/专注[1000]\n定义：冲刺复习不是持续熬夜。保证睡眠、减少无效刷题、保持适度运动和固定作息，有助于提升专注度和记忆效果。如果阶段成绩波动，应优先分析错因而不是盲目加量。\n要点：1.不是：标题：教学卡片：不是/复习/专注[1000]2.专注：定义：冲刺复习不是持续熬夜。保证睡眠、减少无效刷题、保持适度运动和固定作息，有助于提升专注度和记忆效果。如果阶段成绩波动，应优先分析错因而不是盲目加量。3.复习：要点：1.不是：冲刺复习不是持续熬夜。保证睡眠、减少无效刷题、保持适度运动和固定作息，有助于提升专注度和记忆效果。如果阶段成绩波动，应优先分析错因而不是盲目加量。\n应用：围绕不是、专注、复习进行问答、检索与解释。适合教学设计、课堂讲解、知识梳理和学习指导场景。\n来源：pdf://teacher/teachercompendium.pdf；原始来源：学生备考建议\n来源：pdf://E:/Roleplayingsystem/Roleplayingsystem/generated/domainpdfs/teachercompendium.pdf；原始来源：pdf://teacher/teachercompendium.pdf；原始来源：学生备考建议#chunk1'
 '标题：教学卡片：不是/专注/复习[799]\n内容：标题：教学卡片：不是/专注/复习[799]\n定义：标题：教学卡片：不是/复习/专注[100]\n定义：冲刺复习不是持续熬夜。保证睡眠、减少无效刷题、保持适度运动和固定作息，有助于提升专注度和记忆效果。如果阶段成绩波动，应优先分析错因而不是盲目加量。\n要点：1.不是：标题：教学卡片：不是/复习/专注[100]2.专注：定义：冲刺复习不是持续熬夜。保证睡眠、减少无效刷题、保持适度运动和固定作息，有助于提升专注度和记忆效果。如果阶段成绩波动，应优先分析错因而不是盲目加量。3.复习：要点：1.不是：冲刺复习不是持续熬夜。保证睡眠、减少无效刷题、保持适度运动和固定作息，有助于提升专注度和记忆效果。如果阶段成绩波动，应优先分析错因而不是盲目加量。\n应用：围绕不是、专注、复习进行问答、检索与解释。适合教学设计、课堂讲解、知识梳理和学习指导场景。\n来源：pdf://teacher/teachercompendium.pdf；原始来源：学生备考建议\n来源：pdf://E:/Roleplayingsystem/Roleplayingsystem/generated/domainpdfs/teachercompendium.pdf；原始来源：pdf://teacher/teachercompendium.pdf；原始来源：学生备考建议#chunk1']",通常应先稳住优势学科，同时优先补会拉低总成绩的核心弱项，避免短板长期拖累整体表现。,teacher,,0.0,0.7150472646313044,0.0
最近总是焦虑、睡不好，但又说不上为什么，怎么办？,"· 你感到焦虑和睡不好，却又找不到明确原因，这种状态确实很消耗人，我能理解你的困扰。

· 从知识库的内容来看，当前你描述的情况属于常见的情绪信号，并不直接等同于高风险信号。

· 但有一个前提需要你先留意：如果你同时出现了反复的绝望感、强烈无助感、或者任何伤害自己的想法，请优先放下手机，联系你身边最信任的家人，或者直接拨打本地24小时心理危机干预热线。

· 如果你没有上述高风险信号，那么当前这种“说不上为什么”的焦虑和睡眠问题，通常与日常压力积累、未处理的小事或潜在的紧张情绪有关。

· 建议你从今晚开始做一个简单尝试：在睡前固定的30分钟里，完全放下手机，只做一件单调、不费脑的事，比如抄写一段文字、逐次深呼吸，或者单纯听一段没有歌词的轻音乐。

· 同时，白天可以尝试一次“情绪扫描”：找一个安静的地方，闭上眼睛，从头到脚感受自己的身体紧张在哪里，然后慢慢呼气放松那个部位。这能帮你逐渐找到焦虑的“身体语言”。

· 如果这种状态持续超过两周，或者已经明显影响到你白天的生活、食欲、工作效率，那么我建议你预约一位线下的专业咨询师，进行一次面对面的评估和疏导。

· 请记住，我不是医生，不能替代医学诊断，以上建议仅限于心理疏导和日常情绪支持。如果情况没有改善或加重，一定要尽快求助线下专业机构。","['标题：心理卡片：信号/出现/高风险[1]\n内容：标题：心理卡片：信号/出现/高风险[1]\n定义：标题：心理卡片：信号/出现/高风险[101]\n定义：以下情况属于高风险信号：反复出现绝望感、强烈无助感、自伤自杀想法或计划、行为明显失控、长时间拒食拒眠、现实检验能力下降等。一旦出现上述信号，应优先联系家属、专业机构或紧急救助资源。\n要点：1.信号：标题：心理卡片：信号/出现/高风险[101]2.出现：定义：以下情况属于高风险信号：反复出现绝望感、强烈无助感、自伤自杀想法或计划、行为明显失控、长时间拒食拒眠、现实检验能力下降等。一旦出现上述信号，应优先联系家属、专业机构或紧急救助资源。3.高风险：要点：1.信号：以下情况属于高风险信号：反复出现绝望感、强烈无助感、自伤自杀想法或计划、行为明显失控、长时间拒食拒眠、现实检验能力下降等。一旦出现上述信号，应优先联系家属、专业机构或紧急救助资源。\n应用：围绕信号、出现、高风险进行问答、检索与解释。适合识别情绪、沟通支持、心理教育和干预建议场景。\n来源：pdf://psychologicalcounselor/psychologicalcounselorcompendium.pdf；原始来源：心理危机干预要点\n来源：pdf://E:/Roleplayingsystem/Roleplayingsystem/generated/domainpdfs/psychologicalcounselorcompendium.pdf；原始来源：pdf://psychologicalcounselor/psychologicalcounselorcompendium.pdf；原始来源：心理危机干预要点#chunk1'
 '标题：心理卡片：信号/出现/高风险[2]\n内容：标题：心理卡片：信号/出现/高风险[2]\n定义：标题：心理卡片：信号/出现/高风险[106]\n定义：以下情况属于高风险信号：反复出现绝望感、强烈无助感、自伤自杀想法或计划、行为明显失控、长时间拒食拒眠、现实检验能力下降等。一旦出现上述信号，应优先联系家属、专业机构或紧急救助资源。\n要点：1.信号：标题：心理卡片：信号/出现/高风险[106]2.出现：定义：以下情况属于高风险信号：反复出现绝望感、强烈无助感、自伤自杀想法或计划、行为明显失控、长时间拒食拒眠、现实检验能力下降等。一旦出现上述信号，应优先联系家属、专业机构或紧急救助资源。3.高风险：要点：1.信号：以下情况属于高风险信号：反复出现绝望感、强烈无助感、自伤自杀想法或计划、行为明显失控、长时间拒食拒眠、现实检验能力下降等。一旦出现上述信号，应优先联系家属、专业机构或紧急救助资源。\n应用：围绕信号、出现、高风险进行问答、检索与解释。适合识别情绪、沟通支持、心理教育和干预建议场景。\n来源：pdf://psychologicalcounselor/psychologicalcounselorcompendium.pdf；原始来源：心理危机干预要点\n来源：pdf://E:/Roleplayingsystem/Roleplayingsystem/generated/domainpdfs/psychologicalcounselorcompendium.pdf；原始来源：pdf://psychologicalcounselor/psychologicalcounselorcompendium.pdf；原始来源：心理危机干预要点#chunk1'
 '标题：心理卡片：信号/出现/高风险[3]\n内容：标题：心理卡片：信号/出现/高风险[3]\n定义：标题：心理卡片：信号/出现/高风险[111]\n定义：以下情况属于高风险信号：反复出现绝望感、强烈无助感、自伤自杀想法或计划、行为明显失控、长时间拒食拒眠、现实检验能力下降等。一旦出现上述信号，应优先联系家属、专业机构或紧急救助资源。\n要点：1.信号：标题：心理卡片：信号/出现/高风险[111]2.出现：定义：以下情况属于高风险信号：反复出现绝望感、强烈无助感、自伤自杀想法或计划、行为明显失控、长时间拒食拒眠、现实检验能力下降等。一旦出现上述信号，应优先联系家属、专业机构或紧急救助资源。3.高风险：要点：1.信号：以下情况属于高风险信号：反复出现绝望感、强烈无助感、自伤自杀想法或计划、行为明显失控、长时间拒食拒眠、现实检验能力下降等。一旦出现上述信号，应优先联系家属、专业机构或紧急救助资源。\n应用：围绕信号、出现、高风险进行问答、检索与解释。适合识别情绪、沟通支持、心理教育和干预建议场景。\n来源：pdf://psychologicalcounselor/psychologicalcounselorcompendium.pdf；原始来源：心理危机干预要点\n来源：pdf://E:/Roleplayingsystem/Roleplayingsystem/generated/domainpdfs/psychologicalcounselorcompendium.pdf；原始来源：pdf://psychologicalcounselor/psychologicalcounselorcompendium.pdf；原始来源：心理危机干预要点#chunk1']",可以先从规律作息、减少刺激源、记录情绪和压力事件开始；若持续影响生活和睡眠，建议尽快寻求专业心理咨询或医疗帮助。,psychological_counselor,,0.0,0.7367940501033615,0.0
朋友情绪很差，总说自己什么都做不好，我该怎么安慰？,"· 你的朋友现在需要的是被听见和被接纳，而不是立刻找到解决问题的方法。

· 你可以先试着用温和的语气回应他，比如“我听到你说自己什么都做不好，这种感觉一定很难受”，让他感受到你愿意理解他的感受，而不是急着反驳或安慰。

· 接着，你可以陪他一起做一件简单的事情，比如散步、喝杯茶，或者只是安静地坐在一起，减少他独处的时间可以降低负面情绪持续放大的风险。

· 如果朋友提到过任何伤害自己的念头，或者你发现他有自伤的风险，请优先提醒他暂时移开可能用于伤害自己的物品，并尽快联系专业心理热线或陪同就医。

· 在等待专业帮助前，你也可以鼓励他告诉你或另一位值得信赖的人他现在真实的状态，这能提高短期安全性。

· 请记住，你的支持是陪伴，但不能替代线下专业的心理评估或治疗。如果朋友的情绪持续低落超过两周，或影响到日常生活，建议他尽快寻求心理咨询师或精神科医生的帮助。","['标题：心理卡片：帮助/心理/措施[802]\n内容：标题：心理卡片：帮助/心理/措施[802]\n定义：、暂时移开可能用于伤害自己的物品。这些措施不能替代治疗，但能帮助提高短期安全性。\n应用：围绕帮助、措施、等待进行问答、检索与解释。适合识别情绪、沟通支持、心理教育和干预建议场景。\n来源：心理援助实用建议\n要点：1.帮助：、暂时移开可能用于伤害自己的物品。这些措施不能替代治疗，但能帮助提高短期安全性。\n应用：围绕帮助、措施、等待进行问答、检索与解释。适合识别情绪、沟通支持、心理教育和干预建议场景。2.心理：来源：心理援助实用建议\n应用：围绕帮助、心理、措施进行问答、检索与解释。适合识别情绪、沟通支持、心理教育和干预建议场景。\n来源：pdf://psychologicalcounselor/psychologicalcounselorcompendium.pdf；原始来源：心理援助实用建议\n来源：pdf://E:/Roleplayingsystem/Roleplayingsystem/generated/domainpdfs/psychologicalcounselorcompendium.pdf；原始来源：pdf://psychologicalcounselor/psychologicalcounselorcompendium.pdf；原始来源：心理援助实用建议#chunk1'
 '标题：心理卡片：帮助/措施/等待[1008]\n内容：标题：心理卡片：帮助/措施/等待[1008]\n定义：在等待专业帮助前，可优先做三件事：告诉可信赖的人自己的状态、减少独处和高风险环境、暂时移开可能用于伤害自己的物品。这些措施不能替代治疗，但能帮助提高短期安全性。\n要点：1.帮助：在等待专业帮助前，可优先做三件事：告诉可信赖的人自己的状态、减少独处和高风险环境、暂时移开可能用于伤害自己的物品。这些措施不能替代治疗，但能帮助提高短期安全性。\n应用：围绕帮助、措施、等待进行问答、检索与解释。适合识别情绪、沟通支持、心理教育和干预建议场景。\n来源：心理援助实用建议\n来源：pdf://E:/Roleplayingsystem/Roleplayingsystem/generated/domainpdfs/psychologicalcounselorcompendium.pdf；原始来源：心理援助实用建议#chunk1'
 '标题：心理卡片：帮助/措施/等待[601]\n内容：标题：心理卡片：帮助/措施/等待[601]\n定义：标题：心理卡片：帮助/措施/等待[104]\n定义：在等待专业帮助前，可优先做三件事：告诉可信赖的人自己的状态、减少独处和高风险环境、暂时移开可能用于伤害自己的物品。这些措施不能替代治疗，但能帮助提高短期安全性。\n要点：1.帮助：标题：心理卡片：帮助/措施/等待[104]2.措施：定义：在等待专业帮助前，可优先做三件事：告诉可信赖的人自己的状态、减少独处和高风险环境、暂时移开可能用于伤害自己的物品。这些措施不能替代治疗，但能帮助提高短期安全性。3.等待：要点：1.帮助：在等待专业帮助前，可优先做三件事：告诉可信赖的人自己的状态、减少独处和高风险环境、暂时移开可能用于伤害自己的物品。这些措施不能替代治疗，但能帮助提高短期安全性。\n应用：围绕帮助、措施、等待进行问答、检索与解释。适合识别情绪、沟通支持、心理教育和干预建议场景。\n来源：pdf://psychologicalcounselor/psychologicalcounselorcompendium.pdf；原始来源：心理援助实用建议\n来源：pdf://E:/Roleplayingsystem/Roleplayingsystem/generated/domainpdfs/psychologicalcounselorcompendium.pdf；原始来源：pdf://psychologicalcounselor/psychologicalcounselorcompendium.pdf；原始来源：心理援助实用建议#chunk1']",先接纳和倾听，不急于讲大道理，也不要轻易否定对方感受；可以陪他梳理具体困扰，并在必要时鼓励求助专业人士。,psychological_counselor,,0.5833333333041666,0.8172399003946973,0.0
如何区分普通压力和需要重视的心理问题？,"· 普通压力通常与具体事件相关，如考试、工作截止日期，情绪在事情结束后会自然缓解，生活功能基本不受影响。

· 需要重视的心理问题则更持久，可能持续数周以上，情绪低落或焦虑没有明确诱因，严重影响睡眠、食欲、工作学习效率，甚至出现伤害自己或他人的念头。

· 当前知识库未提供完整的区分标准，但有一条关键信号：如果你已经存在自伤或自杀的念头，这属于需要紧急处理的危险信号，必须优先联系医院精神科或心理危机热线，而不是仅做线上倾诉。

· 你可以观察以下几个维度：持续时间是否超过两周；睡眠和食欲是否出现明显改变；是否无法完成日常任务；情绪是否反复出现且无法自我调节。

· 如果以上有多项符合，建议尽快联系学校心理中心、医院精神心理科或注册心理咨询机构做一次正式评估，这比自行判断更稳妥。

· 请记住，我的回答属于心理支持建议，不能替代线下面对面专业评估。任何自我诊断都是不可靠的，有疑虑就主动寻求专业帮助。","['标题：心理卡片：心理/不是/渠道[201]\n内容：标题：心理卡片：心理/不是/渠道[201]\n定义：标题：心理卡片：心理/渠道/不是[102]\n定义：心理困扰可根据严重程度联系学校心理中心、医院精神心理科、注册心理咨询机构或地区心理援助热线。如果已经存在自伤自杀风险，应优先考虑医疗机构或紧急救助渠道，而不是只做线上倾诉。\n要点：1.心理：标题：心理卡片：心理/渠道/不是[102]2.不是：定义：心理困扰可根据严重程度联系学校心理中心、医院精神心理科、注册心理咨询机构或地区心理援助热线。如果已经存在自伤自杀风险，应优先考虑医疗机构或紧急救助渠道，而不是只做线上倾诉。3.渠道：要点：1.心理：心理困扰可根据严重程度联系学校心理中心、医院精神心理科、注册心理咨询机构或地区心理援助热线。如果已经存在自伤自杀风险，应优先考虑医疗机构或紧急救助渠道，而不是只做线上倾诉。\n应用：围绕心理、不是、渠道进行问答、检索与解释。适合识别情绪、沟通支持、心理教育和干预建议场景。\n来源：pdf://psychologicalcounselor/psychologicalcounselorcompendium.pdf；原始来源：心理服务转介建议\n来源：pdf://E:/Roleplayingsystem/Roleplayingsystem/generated/domainpdfs/psychologicalcounselorcompendium.pdf；原始来源：pdf://psychologicalcounselor/psychologicalcounselorcompendium.pdf；原始来源：心理服务转介建议#chunk1'
 '标题：心理卡片：心理/不是/渠道[202]\n内容：标题：心理卡片：心理/不是/渠道[202]\n定义：标题：心理卡片：心理/渠道/不是[107]\n定义：心理困扰可根据严重程度联系学校心理中心、医院精神心理科、注册心理咨询机构或地区心理援助热线。如果已经存在自伤自杀风险，应优先考虑医疗机构或紧急救助渠道，而不是只做线上倾诉。\n要点：1.心理：标题：心理卡片：心理/渠道/不是[107]2.不是：定义：心理困扰可根据严重程度联系学校心理中心、医院精神心理科、注册心理咨询机构或地区心理援助热线。如果已经存在自伤自杀风险，应优先考虑医疗机构或紧急救助渠道，而不是只做线上倾诉。3.渠道：要点：1.心理：心理困扰可根据严重程度联系学校心理中心、医院精神心理科、注册心理咨询机构或地区心理援助热线。如果已经存在自伤自杀风险，应优先考虑医疗机构或紧急救助渠道，而不是只做线上倾诉。\n应用：围绕心理、不是、渠道进行问答、检索与解释。适合识别情绪、沟通支持、心理教育和干预建议场景。\n来源：pdf://psychologicalcounselor/psychologicalcounselorcompendium.pdf；原始来源：心理服务转介建议\n来源：pdf://E:/Roleplayingsystem/Roleplayingsystem/generated/domainpdfs/psychologicalcounselorcompendium.pdf；原始来源：pdf://psychologicalcounselor/psychologicalcounselorcompendium.pdf；原始来源：心理服务转介建议#chunk1'
 '标题：心理卡片：心理/不是/渠道[203]\n内容：标题：心理卡片：心理/不是/渠道[203]\n定义：标题：心理卡片：心理/渠道/不是[112]\n定义：心理困扰可根据严重程度联系学校心理中心、医院精神心理科、注册心理咨询机构或地区心理援助热线。如果已经存在自伤自杀风险，应优先考虑医疗机构或紧急救助渠道，而不是只做线上倾诉。\n要点：1.心理：标题：心理卡片：心理/渠道/不是[112]2.不是：定义：心理困扰可根据严重程度联系学校心理中心、医院精神心理科、注册心理咨询机构或地区心理援助热线。如果已经存在自伤自杀风险，应优先考虑医疗机构或紧急救助渠道，而不是只做线上倾诉。3.渠道：要点：1.心理：心理困扰可根据严重程度联系学校心理中心、医院精神心理科、注册心理咨询机构或地区心理援助热线。如果已经存在自伤自杀风险，应优先考虑医疗机构或紧急救助渠道，而不是只做线上倾诉。\n应用：围绕心理、不是、渠道进行问答、检索与解释。适合识别情绪、沟通支持、心理教育和干预建议场景。\n来源：pdf://psychologicalcounselor/psychologicalcounselorcompendium.pdf；原始来源：心理服务转介建议\n来源：pdf://E:/Roleplayingsystem/Roleplayingsystem/generated/domainpdfs/psychologicalcounselorcompendium.pdf；原始来源：pdf://psychologicalcounselor/psychologicalcounselorcompendium.pdf；原始来源：心理服务转介建议#chunk1']",如果情绪低落、焦虑、失眠或社交退缩持续较久，并明显影响学习、工作或人际关系，就需要提高重视程度并考虑专业评估。,psychological_counselor,,0.49999999995,0.9207324081485312,0.0
一紧张就心跳快、手抖，是心理问题吗？,"· 紧张时心跳加快、手抖，是一种常见的生理应激反应，在很多情况下并不直接等同于“心理问题”。
· 这种反应说明你的身体在紧张状态下激活了交感神经系统，是正常的“战斗或逃跑”机制的一部分。
· 但如果这种反应频繁出现、持续时间长，或者严重影响了你的学习、工作或社交，那就值得关注，可能反映出较高的焦虑水平或心理压力。
· 当前知识库未检索到足够依据直接判定这是否属于心理问题，因此无法给出确切诊断。
· 建议你首先观察这些症状出现的频率和强度：只在特定高压场合出现，还是日常小事也会触发。
· 如果伴随持续的担忧、回避行为、睡眠困难或情绪低落，建议联系学校心理中心或医院精神心理科做一次专业评估。
· 如果这些症状在休息时也会出现，或伴有胸闷、胸痛、呼吸困难，请优先去综合医院心内科排除躯体原因。
· 你现在可以先尝试简单的腹式呼吸或正念练习，帮助自己平稳情绪。
· 记住，我的建议不能替代线下面对面的专业评估，有需要时请及时寻求帮助。","['标题：心理卡片：心理/不是/渠道[201]\n内容：标题：心理卡片：心理/不是/渠道[201]\n定义：标题：心理卡片：心理/渠道/不是[102]\n定义：心理困扰可根据严重程度联系学校心理中心、医院精神心理科、注册心理咨询机构或地区心理援助热线。如果已经存在自伤自杀风险，应优先考虑医疗机构或紧急救助渠道，而不是只做线上倾诉。\n要点：1.心理：标题：心理卡片：心理/渠道/不是[102]2.不是：定义：心理困扰可根据严重程度联系学校心理中心、医院精神心理科、注册心理咨询机构或地区心理援助热线。如果已经存在自伤自杀风险，应优先考虑医疗机构或紧急救助渠道，而不是只做线上倾诉。3.渠道：要点：1.心理：心理困扰可根据严重程度联系学校心理中心、医院精神心理科、注册心理咨询机构或地区心理援助热线。如果已经存在自伤自杀风险，应优先考虑医疗机构或紧急救助渠道，而不是只做线上倾诉。\n应用：围绕心理、不是、渠道进行问答、检索与解释。适合识别情绪、沟通支持、心理教育和干预建议场景。\n来源：pdf://psychologicalcounselor/psychologicalcounselorcompendium.pdf；原始来源：心理服务转介建议\n来源：pdf://E:/Roleplayingsystem/Roleplayingsystem/generated/domainpdfs/psychologicalcounselorcompendium.pdf；原始来源：pdf://psychologicalcounselor/psychologicalcounselorcompendium.pdf；原始来源：心理服务转介建议#chunk1'
 '标题：心理卡片：心理/不是/渠道[202]\n内容：标题：心理卡片：心理/不是/渠道[202]\n定义：标题：心理卡片：心理/渠道/不是[107]\n定义：心理困扰可根据严重程度联系学校心理中心、医院精神心理科、注册心理咨询机构或地区心理援助热线。如果已经存在自伤自杀风险，应优先考虑医疗机构或紧急救助渠道，而不是只做线上倾诉。\n要点：1.心理：标题：心理卡片：心理/渠道/不是[107]2.不是：定义：心理困扰可根据严重程度联系学校心理中心、医院精神心理科、注册心理咨询机构或地区心理援助热线。如果已经存在自伤自杀风险，应优先考虑医疗机构或紧急救助渠道，而不是只做线上倾诉。3.渠道：要点：1.心理：心理困扰可根据严重程度联系学校心理中心、医院精神心理科、注册心理咨询机构或地区心理援助热线。如果已经存在自伤自杀风险，应优先考虑医疗机构或紧急救助渠道，而不是只做线上倾诉。\n应用：围绕心理、不是、渠道进行问答、检索与解释。适合识别情绪、沟通支持、心理教育和干预建议场景。\n来源：pdf://psychologicalcounselor/psychologicalcounselorcompendium.pdf；原始来源：心理服务转介建议\n来源：pdf://E:/Roleplayingsystem/Roleplayingsystem/generated/domainpdfs/psychologicalcounselorcompendium.pdf；原始来源：pdf://psychologicalcounselor/psychologicalcounselorcompendium.pdf；原始来源：心理服务转介建议#chunk1'
 '标题：心理卡片：心理/不是/渠道[203]\n内容：标题：心理卡片：心理/不是/渠道[203]\n定义：标题：心理卡片：心理/渠道/不是[112]\n定义：心理困扰可根据严重程度联系学校心理中心、医院精神心理科、注册心理咨询机构或地区心理援助热线。如果已经存在自伤自杀风险，应优先考虑医疗机构或紧急救助渠道，而不是只做线上倾诉。\n要点：1.心理：标题：心理卡片：心理/渠道/不是[112]2.不是：定义：心理困扰可根据严重程度联系学校心理中心、医院精神心理科、注册心理咨询机构或地区心理援助热线。如果已经存在自伤自杀风险，应优先考虑医疗机构或紧急救助渠道，而不是只做线上倾诉。3.渠道：要点：1.心理：心理困扰可根据严重程度联系学校心理中心、医院精神心理科、注册心理咨询机构或地区心理援助热线。如果已经存在自伤自杀风险，应优先考虑医疗机构或紧急救助渠道，而不是只做线上倾诉。\n应用：围绕心理、不是、渠道进行问答、检索与解释。适合识别情绪、沟通支持、心理教育和干预建议场景。\n来源：pdf://psychologicalcounselor/psychologicalcounselorcompendium.pdf；原始来源：心理服务转介建议\n来源：pdf://E:/Roleplayingsystem/Roleplayingsystem/generated/domainpdfs/psychologicalcounselorcompendium.pdf；原始来源：pdf://psychologicalcounselor/psychologicalcounselorcompendium.pdf；原始来源：心理服务转介建议#chunk1']",这可能是紧张或焦虑引发的常见生理反应，但若频繁发生、程度明显或伴随其他不适，仍建议结合心理和身体状态进一步评估。,psychological_counselor,,0.0,0.0,0.0
发烧了是不是一定要马上吃退烧药？,"· 发烧不一定要马上吃退烧药，是否需要用药主要看体温高低和自身感受。
· 通常建议体温超过38.5℃且伴有明显不适（如头痛、肌肉酸痛）时，才考虑使用退烧药。
· 如果体温在38.5℃以下、没有明显难受，可以先采取物理降温、多喝水、多休息。
· 当前知识库未检索到关于退烧药使用时机的详细依据，但根据一般医学常识，盲目过早服药可能掩盖病情变化。
· 需要重点关注的危险信号：持续高热超过3天、意识模糊、呼吸急促、皮疹、剧烈头痛、抽搐、老人或儿童精神萎靡。
· 现在可以先做：监测体温、补充水分、用温水擦浴或冷敷额头；注意饮食清淡，避免捂汗。
· 何时尽快就医：如果属于老人、儿童、孕妇，或存在心脑血管病、糖尿病、慢阻肺等基础疾病，且发热后症状明显加重，应更早就医。
· 以上建议不能替代线下面对面诊疗，如果情况不明确或持续恶化，请及时去医院发热门诊。","['标题：医学卡片：发热/咳嗽/就医[1]\n内容：标题：医学卡片：发热/咳嗽/就医[1]\n定义：标题：医学卡片：发热/咳嗽/就医[101]\n定义：老人、儿童、孕妇以及存在基础疾病的人群，如慢阻肺、哮喘、心血管疾病、糖尿病、免疫功能低下等，在出现发热和咳嗽后，如果症状明显或病情加重，应更早就医。\n要点：1.发热：标题：医学卡片：发热/咳嗽/就医[101]2.咳嗽：定义：老人、儿童、孕妇以及存在基础疾病的人群，如慢阻肺、哮喘、心血管疾病、糖尿病、免疫功能低下等，在出现发热和咳嗽后，如果症状明显或病情加重，应更早就医。3.就医：要点：1.发热：老人、儿童、孕妇以及存在基础疾病的人群，如慢阻肺、哮喘、心血管疾病、糖尿病、免疫功能低下等，在出现发热和咳嗽后，如果症状明显或病情加重，应更早就医。\n应用：围绕发热、咳嗽、就医进行问答、检索与解释。适合临床判断、健康科普、诊疗提示和风险识别场景。\n来源：pdf://doctor/doctorcompendium.pdf；原始来源：国家卫健系统科普整理\n来源：pdf://E:/Roleplayingsystem/Roleplayingsystem/generated/domainpdfs/doctorcompendium.pdf；原始来源：pdf://doctor/doctorcompendium.pdf；原始来源：国家卫健系统科普整理#chunk1'
 '标题：医学卡片：发热/咳嗽/就医[2]\n内容：标题：医学卡片：发热/咳嗽/就医[2]\n定义：标题：医学卡片：发热/咳嗽/就医[106]\n定义：老人、儿童、孕妇以及存在基础疾病的人群，如慢阻肺、哮喘、心血管疾病、糖尿病、免疫功能低下等，在出现发热和咳嗽后，如果症状明显或病情加重，应更早就医。\n要点：1.发热：标题：医学卡片：发热/咳嗽/就医[106]2.咳嗽：定义：老人、儿童、孕妇以及存在基础疾病的人群，如慢阻肺、哮喘、心血管疾病、糖尿病、免疫功能低下等，在出现发热和咳嗽后，如果症状明显或病情加重，应更早就医。3.就医：要点：1.发热：老人、儿童、孕妇以及存在基础疾病的人群，如慢阻肺、哮喘、心血管疾病、糖尿病、免疫功能低下等，在出现发热和咳嗽后，如果症状明显或病情加重，应更早就医。\n应用：围绕发热、咳嗽、就医进行问答、检索与解释。适合临床判断、健康科普、诊疗提示和风险识别场景。\n来源：pdf://doctor/doctorcompendium.pdf；原始来源：国家卫健系统科普整理\n来源：pdf://E:/Roleplayingsystem/Roleplayingsystem/generated/domainpdfs/doctorcompendium.pdf；原始来源：pdf://doctor/doctorcompendium.pdf；原始来源：国家卫健系统科普整理#chunk1'
 '标题：医学卡片：发热/咳嗽/就医[3]\n内容：标题：医学卡片：发热/咳嗽/就医[3]\n定义：标题：医学卡片：发热/咳嗽/就医[111]\n定义：老人、儿童、孕妇以及存在基础疾病的人群，如慢阻肺、哮喘、心血管疾病、糖尿病、免疫功能低下等，在出现发热和咳嗽后，如果症状明显或病情加重，应更早就医。\n要点：1.发热：标题：医学卡片：发热/咳嗽/就医[111]2.咳嗽：定义：老人、儿童、孕妇以及存在基础疾病的人群，如慢阻肺、哮喘、心血管疾病、糖尿病、免疫功能低下等，在出现发热和咳嗽后，如果症状明显或病情加重，应更早就医。3.就医：要点：1.发热：老人、儿童、孕妇以及存在基础疾病的人群，如慢阻肺、哮喘、心血管疾病、糖尿病、免疫功能低下等，在出现发热和咳嗽后，如果症状明显或病情加重，应更早就医。\n应用：围绕发热、咳嗽、就医进行问答、检索与解释。适合临床判断、健康科普、诊疗提示和风险识别场景。\n来源：pdf://doctor/doctorcompendium.pdf；原始来源：国家卫健系统科普整理\n来源：pdf://E:/Roleplayingsystem/Roleplayingsystem/generated/domainpdfs/doctorcompendium.pdf；原始来源：pdf://doctor/doctorcompendium.pdf；原始来源：国家卫健系统科普整理#chunk1']",不一定。是否使用退烧药要结合体温、精神状态和基础疾病判断，高热或明显不适时可按说明或医嘱处理。,doctor,,0.0,0.8920223159407373,0.0
感冒和流感有什么简单区别？,"· 当前知识库未检索到关于感冒与流感区别的详细依据，以下是我结合临床常规认知给出的简单区分。

· 普通感冒通常以鼻塞、流涕、打喷嚏、喉咙痛为主要表现，发热多为低热或不发热，全身症状较轻。
· 流感起病急、全身症状重，典型症状包括突发高热、剧烈头痛、全身肌肉酸痛、乏力，咳嗽和咽痛也常见。

· 如果出现高热持续不退、呼吸困难、意识模糊、胸痛或原有基础疾病明显加重，应尽快线下就医。
· 老人、儿童、孕妇以及患有慢阻肺、哮喘、心血管疾病、糖尿病、免疫功能低下等基础疾病的人群，一旦出现发热和咳嗽，即使症状不典型，也建议尽早到医院明确诊断。

· 在未就医前，可先居家休息、多饮温水、监测体温，避免自行混用抗病毒药物或抗生素。
· 以上信息仅供健康科普参考，不能替代线下面诊，如有不适请及时就诊。","['标题：医学卡片：发热/咳嗽/就医[1]\n内容：标题：医学卡片：发热/咳嗽/就医[1]\n定义：标题：医学卡片：发热/咳嗽/就医[101]\n定义：老人、儿童、孕妇以及存在基础疾病的人群，如慢阻肺、哮喘、心血管疾病、糖尿病、免疫功能低下等，在出现发热和咳嗽后，如果症状明显或病情加重，应更早就医。\n要点：1.发热：标题：医学卡片：发热/咳嗽/就医[101]2.咳嗽：定义：老人、儿童、孕妇以及存在基础疾病的人群，如慢阻肺、哮喘、心血管疾病、糖尿病、免疫功能低下等，在出现发热和咳嗽后，如果症状明显或病情加重，应更早就医。3.就医：要点：1.发热：老人、儿童、孕妇以及存在基础疾病的人群，如慢阻肺、哮喘、心血管疾病、糖尿病、免疫功能低下等，在出现发热和咳嗽后，如果症状明显或病情加重，应更早就医。\n应用：围绕发热、咳嗽、就医进行问答、检索与解释。适合临床判断、健康科普、诊疗提示和风险识别场景。\n来源：pdf://doctor/doctorcompendium.pdf；原始来源：国家卫健系统科普整理\n来源：pdf://E:/Roleplayingsystem/Roleplayingsystem/generated/domainpdfs/doctorcompendium.pdf；原始来源：pdf://doctor/doctorcompendium.pdf；原始来源：国家卫健系统科普整理#chunk1'
 '标题：医学卡片：发热/咳嗽/就医[2]\n内容：标题：医学卡片：发热/咳嗽/就医[2]\n定义：标题：医学卡片：发热/咳嗽/就医[106]\n定义：老人、儿童、孕妇以及存在基础疾病的人群，如慢阻肺、哮喘、心血管疾病、糖尿病、免疫功能低下等，在出现发热和咳嗽后，如果症状明显或病情加重，应更早就医。\n要点：1.发热：标题：医学卡片：发热/咳嗽/就医[106]2.咳嗽：定义：老人、儿童、孕妇以及存在基础疾病的人群，如慢阻肺、哮喘、心血管疾病、糖尿病、免疫功能低下等，在出现发热和咳嗽后，如果症状明显或病情加重，应更早就医。3.就医：要点：1.发热：老人、儿童、孕妇以及存在基础疾病的人群，如慢阻肺、哮喘、心血管疾病、糖尿病、免疫功能低下等，在出现发热和咳嗽后，如果症状明显或病情加重，应更早就医。\n应用：围绕发热、咳嗽、就医进行问答、检索与解释。适合临床判断、健康科普、诊疗提示和风险识别场景。\n来源：pdf://doctor/doctorcompendium.pdf；原始来源：国家卫健系统科普整理\n来源：pdf://E:/Roleplayingsystem/Roleplayingsystem/generated/domainpdfs/doctorcompendium.pdf；原始来源：pdf://doctor/doctorcompendium.pdf；原始来源：国家卫健系统科普整理#chunk1'
 '标题：医学卡片：发热/咳嗽/就医[3]\n内容：标题：医学卡片：发热/咳嗽/就医[3]\n定义：标题：医学卡片：发热/咳嗽/就医[111]\n定义：老人、儿童、孕妇以及存在基础疾病的人群，如慢阻肺、哮喘、心血管疾病、糖尿病、免疫功能低下等，在出现发热和咳嗽后，如果症状明显或病情加重，应更早就医。\n要点：1.发热：标题：医学卡片：发热/咳嗽/就医[111]2.咳嗽：定义：老人、儿童、孕妇以及存在基础疾病的人群，如慢阻肺、哮喘、心血管疾病、糖尿病、免疫功能低下等，在出现发热和咳嗽后，如果症状明显或病情加重，应更早就医。3.就医：要点：1.发热：老人、儿童、孕妇以及存在基础疾病的人群，如慢阻肺、哮喘、心血管疾病、糖尿病、免疫功能低下等，在出现发热和咳嗽后，如果症状明显或病情加重，应更早就医。\n应用：围绕发热、咳嗽、就医进行问答、检索与解释。适合临床判断、健康科普、诊疗提示和风险识别场景。\n来源：pdf://doctor/doctorcompendium.pdf；原始来源：国家卫健系统科普整理\n来源：pdf://E:/Roleplayingsystem/Roleplayingsystem/generated/domainpdfs/doctorcompendium.pdf；原始来源：pdf://doctor/doctorcompendium.pdf；原始来源：国家卫健系统科普整理#chunk1']",流感通常起病更急，全身症状更重，常见高热、乏力和肌肉酸痛；普通感冒多以上呼吸道症状为主，整体相对较轻。,doctor,,0.0,0.7328852926624865,0.0
体检发现血压有点高，需要立刻吃药吗？,"· 您体检发现血压偏高，是否需要立刻吃药，目前的知识库尚未检索到关于高血压用药的直接依据。
· 一般说来，单次体检的血压升高不能直接作为用药依据，需要连续几天在不同时间、安静状态下复测确认。
· 血压轻度升高时，医生通常建议先进行1到3个月的生活方式干预，比如低盐饮食、控制体重、规律运动、戒烟限酒、保证睡眠。
· 如果您的血压值非常高，比如收缩压超过180毫米汞柱或舒张压超过110毫米汞柱，或者同时伴有头痛、胸闷、视力模糊、恶心呕吐等症状，就属于危险信号，应尽快到线下医院就诊，不要自行服药。
· 您如果有糖尿病、心脏病、肾病、脑血管病史，或者是老年人、孕妇，血压升高的风险更高，更应尽早咨询医生。
· 请牢记，我的建议不能替代线下面诊，是否用药、用什么药，必须由医生根据您的全面检查结果来定。","['标题：医学卡片：发热/咳嗽/就医[1]\n内容：标题：医学卡片：发热/咳嗽/就医[1]\n定义：标题：医学卡片：发热/咳嗽/就医[101]\n定义：老人、儿童、孕妇以及存在基础疾病的人群，如慢阻肺、哮喘、心血管疾病、糖尿病、免疫功能低下等，在出现发热和咳嗽后，如果症状明显或病情加重，应更早就医。\n要点：1.发热：标题：医学卡片：发热/咳嗽/就医[101]2.咳嗽：定义：老人、儿童、孕妇以及存在基础疾病的人群，如慢阻肺、哮喘、心血管疾病、糖尿病、免疫功能低下等，在出现发热和咳嗽后，如果症状明显或病情加重，应更早就医。3.就医：要点：1.发热：老人、儿童、孕妇以及存在基础疾病的人群，如慢阻肺、哮喘、心血管疾病、糖尿病、免疫功能低下等，在出现发热和咳嗽后，如果症状明显或病情加重，应更早就医。\n应用：围绕发热、咳嗽、就医进行问答、检索与解释。适合临床判断、健康科普、诊疗提示和风险识别场景。\n来源：pdf://doctor/doctorcompendium.pdf；原始来源：国家卫健系统科普整理\n来源：pdf://E:/Roleplayingsystem/Roleplayingsystem/generated/domainpdfs/doctorcompendium.pdf；原始来源：pdf://doctor/doctorcompendium.pdf；原始来源：国家卫健系统科普整理#chunk1'
 '标题：医学卡片：发热/咳嗽/就医[2]\n内容：标题：医学卡片：发热/咳嗽/就医[2]\n定义：标题：医学卡片：发热/咳嗽/就医[106]\n定义：老人、儿童、孕妇以及存在基础疾病的人群，如慢阻肺、哮喘、心血管疾病、糖尿病、免疫功能低下等，在出现发热和咳嗽后，如果症状明显或病情加重，应更早就医。\n要点：1.发热：标题：医学卡片：发热/咳嗽/就医[106]2.咳嗽：定义：老人、儿童、孕妇以及存在基础疾病的人群，如慢阻肺、哮喘、心血管疾病、糖尿病、免疫功能低下等，在出现发热和咳嗽后，如果症状明显或病情加重，应更早就医。3.就医：要点：1.发热：老人、儿童、孕妇以及存在基础疾病的人群，如慢阻肺、哮喘、心血管疾病、糖尿病、免疫功能低下等，在出现发热和咳嗽后，如果症状明显或病情加重，应更早就医。\n应用：围绕发热、咳嗽、就医进行问答、检索与解释。适合临床判断、健康科普、诊疗提示和风险识别场景。\n来源：pdf://doctor/doctorcompendium.pdf；原始来源：国家卫健系统科普整理\n来源：pdf://E:/Roleplayingsystem/Roleplayingsystem/generated/domainpdfs/doctorcompendium.pdf；原始来源：pdf://doctor/doctorcompendium.pdf；原始来源：国家卫健系统科普整理#chunk1'
 '标题：医学卡片：发热/咳嗽/就医[3]\n内容：标题：医学卡片：发热/咳嗽/就医[3]\n定义：标题：医学卡片：发热/咳嗽/就医[111]\n定义：老人、儿童、孕妇以及存在基础疾病的人群，如慢阻肺、哮喘、心血管疾病、糖尿病、免疫功能低下等，在出现发热和咳嗽后，如果症状明显或病情加重，应更早就医。\n要点：1.发热：标题：医学卡片：发热/咳嗽/就医[111]2.咳嗽：定义：老人、儿童、孕妇以及存在基础疾病的人群，如慢阻肺、哮喘、心血管疾病、糖尿病、免疫功能低下等，在出现发热和咳嗽后，如果症状明显或病情加重，应更早就医。3.就医：要点：1.发热：老人、儿童、孕妇以及存在基础疾病的人群，如慢阻肺、哮喘、心血管疾病、糖尿病、免疫功能低下等，在出现发热和咳嗽后，如果症状明显或病情加重，应更早就医。\n应用：围绕发热、咳嗽、就医进行问答、检索与解释。适合临床判断、健康科普、诊疗提示和风险识别场景。\n来源：pdf://doctor/doctorcompendium.pdf；原始来源：国家卫健系统科普整理\n来源：pdf://E:/Roleplayingsystem/Roleplayingsystem/generated/domainpdfs/doctorcompendium.pdf；原始来源：pdf://doctor/doctorcompendium.pdf；原始来源：国家卫健系统科普整理#chunk1']",不一定。需要结合多次测量结果、是否有靶器官损伤以及心血管风险综合判断，不能仅凭一次体检结果下结论。,doctor,0.0,0.0,0.0,0.0
胃不舒服老是反酸，平时先注意什么？,"· 目前知识库未检索到专门针对反酸症状的具体生活调整内容，但根据一般医学原则可以给出保守建议。

· 反酸最常见的原因是胃食管反流或胃动力问题，平时首先注意饮食清淡，避免过饱、过甜、过油腻以及辛辣刺激食物，少喝咖啡、浓茶、碳酸饮料。

· 进食后不要马上躺下，睡前3小时内尽量不进食，睡觉时可以适当垫高床头15至20厘米，帮助减少夜间反流。

· 注意控制体重，肥胖会增加腹压，加重反酸；同时避免穿紧身衣物、长时间弯腰或用力排便。

· 如果反酸频繁发作，伴有胸骨后烧灼感、吞咽疼痛、呕血或黑便、体重不明原因下降，这些是危险信号，应尽快线下就医，不宜只依赖居家观察。

· 在没有这些危险信号时，可以先尝试生活方式调整1至2周，同时监测体温和整体状态；若症状持续不缓解或近期加重，请及时到消化内科就诊，切勿自行长期服用抑酸药。","['标题：医学卡片：不宜/休息/体温[201]\n内容：标题：医学卡片：不宜/休息/体温[201]\n定义：标题：医学卡片：不宜/休息/体温[102]\n定义：在没有危险信号时，可先注意休息、补充水分、监测体温，并根据医生或药品说明规范用药。若症状持续不缓解，或短时间内快速加重，不宜只依赖居家观察。\n要点：1.不宜：标题：医学卡片：不宜/休息/体温[102]2.休息：定义：在没有危险信号时，可先注意休息、补充水分、监测体温，并根据医生或药品说明规范用药。若症状持续不缓解，或短时间内快速加重，不宜只依赖居家观察。3.体温：要点：1.不宜：在没有危险信号时，可先注意休息、补充水分、监测体温，并根据医生或药品说明规范用药。若症状持续不缓解，或短时间内快速加重，不宜只依赖居家观察。\n应用：围绕不宜、休息、体温进行问答、检索与解释。适合临床判断、健康科普、诊疗提示和风险识别场景。\n来源：pdf://doctor/doctorcompendium.pdf；原始来源：常见症状处理建议\n来源：pdf://E:/Roleplayingsystem/Roleplayingsystem/generated/domainpdfs/doctorcompendium.pdf；原始来源：pdf://doctor/doctorcompendium.pdf；原始来源：常见症状处理建议#chunk1'
 '标题：医学卡片：不宜/休息/体温[202]\n内容：标题：医学卡片：不宜/休息/体温[202]\n定义：标题：医学卡片：不宜/休息/体温[107]\n定义：在没有危险信号时，可先注意休息、补充水分、监测体温，并根据医生或药品说明规范用药。若症状持续不缓解，或短时间内快速加重，不宜只依赖居家观察。\n要点：1.不宜：标题：医学卡片：不宜/休息/体温[107]2.休息：定义：在没有危险信号时，可先注意休息、补充水分、监测体温，并根据医生或药品说明规范用药。若症状持续不缓解，或短时间内快速加重，不宜只依赖居家观察。3.体温：要点：1.不宜：在没有危险信号时，可先注意休息、补充水分、监测体温，并根据医生或药品说明规范用药。若症状持续不缓解，或短时间内快速加重，不宜只依赖居家观察。\n应用：围绕不宜、休息、体温进行问答、检索与解释。适合临床判断、健康科普、诊疗提示和风险识别场景。\n来源：pdf://doctor/doctorcompendium.pdf；原始来源：常见症状处理建议\n来源：pdf://E:/Roleplayingsystem/Roleplayingsystem/generated/domainpdfs/doctorcompendium.pdf；原始来源：pdf://doctor/doctorcompendium.pdf；原始来源：常见症状处理建议#chunk1'
 '标题：医学卡片：不宜/休息/体温[203]\n内容：标题：医学卡片：不宜/休息/体温[203]\n定义：标题：医学卡片：不宜/休息/体温[112]\n定义：在没有危险信号时，可先注意休息、补充水分、监测体温，并根据医生或药品说明规范用药。若症状持续不缓解，或短时间内快速加重，不宜只依赖居家观察。\n要点：1.不宜：标题：医学卡片：不宜/休息/体温[112]2.休息：定义：在没有危险信号时，可先注意休息、补充水分、监测体温，并根据医生或药品说明规范用药。若症状持续不缓解，或短时间内快速加重，不宜只依赖居家观察。3.体温：要点：1.不宜：在没有危险信号时，可先注意休息、补充水分、监测体温，并根据医生或药品说明规范用药。若症状持续不缓解，或短时间内快速加重，不宜只依赖居家观察。\n应用：围绕不宜、休息、体温进行问答、检索与解释。适合临床判断、健康科普、诊疗提示和风险识别场景。\n来源：pdf://doctor/doctorcompendium.pdf；原始来源：常见症状处理建议\n来源：pdf://E:/Roleplayingsystem/Roleplayingsystem/generated/domainpdfs/doctorcompendium.pdf；原始来源：pdf://doctor/doctorcompendium.pdf；原始来源：常见症状处理建议#chunk1']",可先注意规律饮食、避免过饱、少吃辛辣油腻和夜宵，饭后不要立刻平躺；若反复发作或加重，应及时就医评估。,doctor,,0.0,0.8230677103000131,0.0
相关性强就能说明因果关系吗？,"· 相关性不等于因果关系。
· 两个变量相关，只能说明它们存在共变趋势，但无法排除混杂因素或反向因果的可能性。
· 知识库中植物实验的例子就很典型：即使某组植物长得更好，如果土壤、光照、温度等条件不一致，就不能把差异归因于肥料种类。
· 同理，观察到两个指标相关，如果没有对可能的干扰变量进行控制，就不能断定其中一个导致了另一个。
· 要建立因果关系，通常需要严格控制的实验设计，例如随机分配被试、设立对照组、保持其他条件一致（如知识库强调的植物种类、土壤、容器等变量的“一致”）。
· 观察性研究中的相关性可以用来提出因果假设，但必须通过进一步的实验或因果推断方法（如工具变量、断点回归等）才能验证。
· 简单来说，“相关”是观察到的关联，“因果”需要一个机制和排除替代解释的证据链。","['标题：科研卡片：种类/植物/一致[1]\n内容：标题：科研卡片：种类/植物/一致[1]\n定义：标题：科研卡片：植物/种类/一致[101]\n定义：植物种类、土壤条件、容器大小、光照时长、温度、湿度、浇水频率和施肥时间等，都属于需要控制的变量。如果这些条件不一致，就无法把生长差异可靠归因于肥料种类。\n要点：1.种类：标题：科研卡片：植物/种类/一致[101]2.植物：定义：植物种类、土壤条件、容器大小、光照时长、温度、湿度、浇水频率和施肥时间等，都属于需要控制的变量。如果这些条件不一致，就无法把生长差异可靠归因于肥料种类。3.一致：要点：1.植物：植物种类、土壤条件、容器大小、光照时长、温度、湿度、浇水频率和施肥时间等，都属于需要控制的变量。如果这些条件不一致，就无法把生长差异可靠归因于肥料种类。\n应用：围绕种类、植物、一致进行问答、检索与解释。适合概念解释、研究理解、实验设计和方法比较场景。\n来源：pdf://scientist/scientistcompendium.pdf；原始来源：实验设计基础\n来源：pdf://E:/Roleplayingsystem/Roleplayingsystem/generated/domainpdfs/scientistcompendium.pdf；原始来源：pdf://scientist/scientistcompendium.pdf；原始来源：实验设计基础#chunk1'
 '标题：科研卡片：种类/植物/一致[2]\n内容：标题：科研卡片：种类/植物/一致[2]\n定义：标题：科研卡片：植物/种类/一致[106]\n定义：植物种类、土壤条件、容器大小、光照时长、温度、湿度、浇水频率和施肥时间等，都属于需要控制的变量。如果这些条件不一致，就无法把生长差异可靠归因于肥料种类。\n要点：1.种类：标题：科研卡片：植物/种类/一致[106]2.植物：定义：植物种类、土壤条件、容器大小、光照时长、温度、湿度、浇水频率和施肥时间等，都属于需要控制的变量。如果这些条件不一致，就无法把生长差异可靠归因于肥料种类。3.一致：要点：1.植物：植物种类、土壤条件、容器大小、光照时长、温度、湿度、浇水频率和施肥时间等，都属于需要控制的变量。如果这些条件不一致，就无法把生长差异可靠归因于肥料种类。\n应用：围绕种类、植物、一致进行问答、检索与解释。适合概念解释、研究理解、实验设计和方法比较场景。\n来源：pdf://scientist/scientistcompendium.pdf；原始来源：实验设计基础\n来源：pdf://E:/Roleplayingsystem/Roleplayingsystem/generated/domainpdfs/scientistcompendium.pdf；原始来源：pdf://scientist/scientistcompendium.pdf；原始来源：实验设计基础#chunk1'
 '标题：科研卡片：种类/植物/一致[3]\n内容：标题：科研卡片：种类/植物/一致[3]\n定义：标题：科研卡片：植物/种类/一致[111]\n定义：植物种类、土壤条件、容器大小、光照时长、温度、湿度、浇水频率和施肥时间等，都属于需要控制的变量。如果这些条件不一致，就无法把生长差异可靠归因于肥料种类。\n要点：1.种类：标题：科研卡片：植物/种类/一致[111]2.植物：定义：植物种类、土壤条件、容器大小、光照时长、温度、湿度、浇水频率和施肥时间等，都属于需要控制的变量。如果这些条件不一致，就无法把生长差异可靠归因于肥料种类。3.一致：要点：1.植物：植物种类、土壤条件、容器大小、光照时长、温度、湿度、浇水频率和施肥时间等，都属于需要控制的变量。如果这些条件不一致，就无法把生长差异可靠归因于肥料种类。\n应用：围绕种类、植物、一致进行问答、检索与解释。适合概念解释、研究理解、实验设计和方法比较场景。\n来源：pdf://scientist/scientistcompendium.pdf；原始来源：实验设计基础\n来源：pdf://E:/Roleplayingsystem/Roleplayingsystem/generated/domainpdfs/scientistcompendium.pdf；原始来源：pdf://scientist/scientistcompendium.pdf；原始来源：实验设计基础#chunk1']",不能。相关性只说明变量之间存在统计关联，不能直接证明一个变量导致另一个变量变化，还需要实验设计或更多证据支持。,scientist,0.2,0.9999999999666667,0.8697061906633085,0.0
做实验时为什么要设置对照组？,"· 设置对照组的核心原因，是为了排除非实验因素对结果的干扰，确保观察到的变化确实是由你改变的那一个自变量引起的。
· 知识库中一个典型例子是：比较两种肥料对植物生长的影响时，需要设置至少一个实验组加一个对照组，并且只改变肥料种类这一项因素，其余条件（如光照、水分、温度等）都要尽量保持一致。
· 关键控制点就是“单一变量原则”：除了你想测试的那个变量外，所有其他条件在组间必须相同，这样才能在结果出现差异时，把因果归到那个变量上。
· 如果没有对照组，你无法判断植物生长的变化是肥料本身的作用，还是由环境波动、测量误差或其他未控制因素导致的。","['标题：科研卡片：实验组/肥料/一项[1005]\n内容：标题：科研卡片：实验组/肥料/一项[1005]\n定义：比较两种肥料对植物生长影响时，应设置至少两个实验组或一个实验组加一个对照组，只改变肥料种类这一项因素，其余条件尽量保持一致。\n要点：1.实验组：比较两种肥料对植物生长影响时，应设置至少两个实验组或一个实验组加一个对照组，只改变肥料种类这一项因素，其余条件尽量保持一致。\n应用：围绕实验组、肥料、一项进行问答、检索与解释。适合概念解释、研究理解、实验设计和方法比较场景。\n来源：中国科学研究方法整理\n来源：pdf://E:/Roleplayingsystem/Roleplayingsystem/generated/domainpdfs/scientistcompendium.pdf；原始来源：中国科学研究方法整理#chunk1'
 '标题：科研卡片：实验组/肥料/一项[601]\n内容：标题：科研卡片：实验组/肥料/一项[601]\n定义：标题：科研卡片：实验组/肥料/一项[1000]\n定义：比较两种肥料对植物生长影响时，应设置至少两个实验组或一个实验组加一个对照组，只改变肥料种类这一项因素，其余条件尽量保持一致。\n要点：1.实验组：标题：科研卡片：实验组/肥料/一项[1000]\n定义：比较两种肥料对植物生长影响时，应设置至少两个实验组或一个实验组加一个对照组，只改变肥料种类这一项因素，其余条件尽量保持一致。2.肥料：要点：1.实验组：比较两种肥料对植物生长影响时，应设置至少两个实验组或一个实验组加一个对照组，只改变肥料种类这一项因素，其余条件尽量保持一致。3.一项：应用：围绕实验组、肥料、一项进行问答、检索与解释。适合概念解释、研究理解、实验设计和方法比较场景。\n来源：中国科学研究方法整理\n应用：围绕实验组、肥料、一项进行问答、检索与解释。适合概念解释、研究理解、实验设计和方法比较场景。\n来源：pdf://scientist/scientistcompendium.pdf；原始来源：中国科学研究方法整理\n来源：pdf://E:/Roleplayingsystem/Roleplayingsystem/generated/domainpdfs/scientistcompendium.pdf；原始来源：pdf://scientist/scientistcompendium.pdf；原始来源：中国科学研究方法整理#chunk1'
 '标题：科研卡片：实验组/肥料/一项[602]\n内容：标题：科研卡片：实验组/肥料/一项[602]\n定义：标题：科研卡片：实验组/肥料/一项[100]\n定义：比较两种肥料对植物生长影响时，应设置至少两个实验组或一个实验组加一个对照组，只改变肥料种类这一项因素，其余条件尽量保持一致。\n要点：1.实验组：标题：科研卡片：实验组/肥料/一项[100]\n定义：比较两种肥料对植物生长影响时，应设置至少两个实验组或一个实验组加一个对照组，只改变肥料种类这一项因素，其余条件尽量保持一致。2.肥料：要点：1.实验组：比较两种肥料对植物生长影响时，应设置至少两个实验组或一个实验组加一个对照组，只改变肥料种类这一项因素，其余条件尽量保持一致。3.一项：应用：围绕实验组、肥料、一项进行问答、检索与解释。适合概念解释、研究理解、实验设计和方法比较场景。\n来源：中国科学研究方法整理\n应用：围绕实验组、肥料、一项进行问答、检索与解释。适合概念解释、研究理解、实验设计和方法比较场景。\n来源：pdf://scientist/scientistcompendium.pdf；原始来源：中国科学研究方法整理\n来源：pdf://E:/Roleplayingsystem/Roleplayingsystem/generated/domainpdfs/scientistcompendium.pdf；原始来源：pdf://scientist/scientistcompendium.pdf；原始来源：中国科学研究方法整理#chunk1']",对照组用于隔离干扰因素，帮助判断观察到的差异是否由目标变量引起，是提高实验结论可信度的重要设计。,scientist,0.8333333333333334,0.9999999999666667,0.8694821344410151,0.0
样本量太小会带来什么问题？,"· 样本量太小最直接的问题是：结论缺乏统计说服力，且实验结果很可能不可重复。

· 从实验设计的角度看，每组应设置足够的重复样本，而不能只用单株或单一样本代表整个处理组的结果。

· 如果样本量太小，个体之间的随机差异会被误认为是处理效应，导致出现假阳性或假阴性。

· 具体来说，小样本会带来以下几个问题：

· 第一，统计检验的效能降低，容易漏掉真实的差异。

· 第二，样本均值对极端值非常敏感，一个异常点就可能完全歪曲结论。

· 第三，无法进行有效的随机分组，进一步引入实验者的主观偏差。

· 第四，即便得到了p值小于0.05的结果，这个结果的可信度也很低，很难被其他实验室复现。

· 所以，在设计实验时，请务必在条件允许的情况下设置足够数量的生物学重复，并尽量做到随机分组，以区分真正的处理效应和个体差异。","['标题：科研卡片：分组/样本/重复[1004]\n内容：标题：科研卡片：分组/样本/重复[1004]\n定义：每组应设置足够的重复样本，而不是只用单株植物代表整组结果。如果条件允许，可进行随机分组，以减少个体差异和主观选择带来的偏差。\n要点：1.分组：每组应设置足够的重复样本，而不是只用单株植物代表整组结果。如果条件允许，可进行随机分组，以减少个体差异和主观选择带来的偏差。\n应用：围绕分组、样本、重复进行问答、检索与解释。适合概念解释、研究理解、实验设计和方法比较场景。\n来源：科研方法与统计常识\n来源：pdf://E:/Roleplayingsystem/Roleplayingsystem/generated/domainpdfs/scientistcompendium.pdf；原始来源：科研方法与统计常识#chunk1'
 '标题：科研卡片：分组/样本/重复[782]\n内容：标题：科研卡片：分组/样本/重复[782]\n定义：标题：科研卡片：分组/样本/重复[104]\n定义：每组应设置足够的重复样本，而不是只用单株植物代表整组结果。如果条件允许，可进行随机分组，以减少个体差异和主观选择带来的偏差。\n要点：1.分组：标题：科研卡片：分组/样本/重复[104]\n定义：每组应设置足够的重复样本，而不是只用单株植物代表整组结果。如果条件允许，可进行随机分组，以减少个体差异和主观选择带来的偏差。2.样本：要点：1.分组：每组应设置足够的重复样本，而不是只用单株植物代表整组结果。如果条件允许，可进行随机分组，以减少个体差异和主观选择带来的偏差。3.重复：应用：围绕分组、样本、重复进行问答、检索与解释。适合概念解释、研究理解、实验设计和方法比较场景。\n来源：科研方法与统计常识\n应用：围绕分组、样本、重复进行问答、检索与解释。适合概念解释、研究理解、实验设计和方法比较场景。\n来源：pdf://scientist/scientistcompendium.pdf；原始来源：科研方法与统计常识\n来源：pdf://E:/Roleplayingsystem/Roleplayingsystem/generated/domainpdfs/scientistcompendium.pdf；原始来源：pdf://scientist/scientistcompendium.pdf；原始来源：科研方法与统计常识#chunk1'
 '标题：科研卡片：分组/样本/重复[783]\n内容：标题：科研卡片：分组/样本/重复[783]\n定义：标题：科研卡片：分组/样本/重复[109]\n定义：每组应设置足够的重复样本，而不是只用单株植物代表整组结果。如果条件允许，可进行随机分组，以减少个体差异和主观选择带来的偏差。\n要点：1.分组：标题：科研卡片：分组/样本/重复[109]\n定义：每组应设置足够的重复样本，而不是只用单株植物代表整组结果。如果条件允许，可进行随机分组，以减少个体差异和主观选择带来的偏差。2.样本：要点：1.分组：每组应设置足够的重复样本，而不是只用单株植物代表整组结果。如果条件允许，可进行随机分组，以减少个体差异和主观选择带来的偏差。3.重复：应用：围绕分组、样本、重复进行问答、检索与解释。适合概念解释、研究理解、实验设计和方法比较场景。\n来源：科研方法与统计常识\n应用：围绕分组、样本、重复进行问答、检索与解释。适合概念解释、研究理解、实验设计和方法比较场景。\n来源：pdf://scientist/scientistcompendium.pdf；原始来源：科研方法与统计常识\n来源：pdf://E:/Roleplayingsystem/Roleplayingsystem/generated/domainpdfs/scientistcompendium.pdf；原始来源：pdf://scientist/scientistcompendium.pdf；原始来源：科研方法与统计常识#chunk1']",样本量过小会降低统计效能，增加偶然误差和结果不稳定性，使结论难以推广或重复验证。,scientist,,0.9999999999666667,0.9000076616652187,0.0
论文里说结果‘显著’，是不是就代表很重要？,"· 当前知识库主要涉及分组、样本和重复等实验设计原则，未检索到直接解释“统计显著性”与“重要性”区别的足够依据。
· 我根据科研常识补充说明：论文中“p值小于0.05”或“显著”仅表示观察到的差异在统计上不太可能由随机误差引起，并不自动等同于实际重要性或科学价值。
· 评估重要性的关键要看效应量大小、实验的可重复性、样本量是否足够以及研究设计是否严谨。
· 例如，用大量重复样本得出一个非常微小的差异在统计上可能显著，但对实际应用或理论突破几乎没有意义。
· 建议阅读时重点关注效应量、置信区间以及结果是否在独立实验中复现，而不仅仅是看“显著”二字。","['标题：科研卡片：分组/样本/重复[1004]\n内容：标题：科研卡片：分组/样本/重复[1004]\n定义：每组应设置足够的重复样本，而不是只用单株植物代表整组结果。如果条件允许，可进行随机分组，以减少个体差异和主观选择带来的偏差。\n要点：1.分组：每组应设置足够的重复样本，而不是只用单株植物代表整组结果。如果条件允许，可进行随机分组，以减少个体差异和主观选择带来的偏差。\n应用：围绕分组、样本、重复进行问答、检索与解释。适合概念解释、研究理解、实验设计和方法比较场景。\n来源：科研方法与统计常识\n来源：pdf://E:/Roleplayingsystem/Roleplayingsystem/generated/domainpdfs/scientistcompendium.pdf；原始来源：科研方法与统计常识#chunk1'
 '标题：科研卡片：分组/样本/重复[782]\n内容：标题：科研卡片：分组/样本/重复[782]\n定义：标题：科研卡片：分组/样本/重复[104]\n定义：每组应设置足够的重复样本，而不是只用单株植物代表整组结果。如果条件允许，可进行随机分组，以减少个体差异和主观选择带来的偏差。\n要点：1.分组：标题：科研卡片：分组/样本/重复[104]\n定义：每组应设置足够的重复样本，而不是只用单株植物代表整组结果。如果条件允许，可进行随机分组，以减少个体差异和主观选择带来的偏差。2.样本：要点：1.分组：每组应设置足够的重复样本，而不是只用单株植物代表整组结果。如果条件允许，可进行随机分组，以减少个体差异和主观选择带来的偏差。3.重复：应用：围绕分组、样本、重复进行问答、检索与解释。适合概念解释、研究理解、实验设计和方法比较场景。\n来源：科研方法与统计常识\n应用：围绕分组、样本、重复进行问答、检索与解释。适合概念解释、研究理解、实验设计和方法比较场景。\n来源：pdf://scientist/scientistcompendium.pdf；原始来源：科研方法与统计常识\n来源：pdf://E:/Roleplayingsystem/Roleplayingsystem/generated/domainpdfs/scientistcompendium.pdf；原始来源：pdf://scientist/scientistcompendium.pdf；原始来源：科研方法与统计常识#chunk1'
 '标题：科研卡片：分组/样本/重复[783]\n内容：标题：科研卡片：分组/样本/重复[783]\n定义：标题：科研卡片：分组/样本/重复[109]\n定义：每组应设置足够的重复样本，而不是只用单株植物代表整组结果。如果条件允许，可进行随机分组，以减少个体差异和主观选择带来的偏差。\n要点：1.分组：标题：科研卡片：分组/样本/重复[109]\n定义：每组应设置足够的重复样本，而不是只用单株植物代表整组结果。如果条件允许，可进行随机分组，以减少个体差异和主观选择带来的偏差。2.样本：要点：1.分组：每组应设置足够的重复样本，而不是只用单株植物代表整组结果。如果条件允许，可进行随机分组，以减少个体差异和主观选择带来的偏差。3.重复：应用：围绕分组、样本、重复进行问答、检索与解释。适合概念解释、研究理解、实验设计和方法比较场景。\n来源：科研方法与统计常识\n应用：围绕分组、样本、重复进行问答、检索与解释。适合概念解释、研究理解、实验设计和方法比较场景。\n来源：pdf://scientist/scientistcompendium.pdf；原始来源：科研方法与统计常识\n来源：pdf://E:/Roleplayingsystem/Roleplayingsystem/generated/domainpdfs/scientistcompendium.pdf；原始来源：pdf://scientist/scientistcompendium.pdf；原始来源：科研方法与统计常识#chunk1']",不一定。统计显著只表示结果不太可能由随机误差造成，还要结合效应大小、实际意义和研究场景判断其重要性。,scientist,0.14285714285714285,0.0,0.0,0.0
